%Vec Object:P 1 MPI processes
%  type: seq
P = [
5.6391977946234353e-06
5.3541815040291965e-06
5.7062945841432804e-06
6.8358964536762040e-06
8.7666113682959548e-06
1.1503122365455704e-05
1.5051027882171566e-05
1.9418765059053628e-05
2.4616830562561618e-05
3.0657023213330212e-05
3.7551872926129160e-05
4.5314148848947694e-05
5.3956376822416183e-05
6.3490333926278952e-05
7.3926505010231519e-05
8.5273492701923268e-05
9.7537376714255383e-05
1.1072102282377915e-04
1.2482334585791447e-04
1.3983853335869121e-04
1.5575523726574466e-04
1.7255574168287605e-04
1.9021511753590848e-04
2.0870037919343216e-04
2.2796966140175862e-04
2.4797143650833072e-04
2.6864379432283049e-04
2.8991381188495227e-04
3.1169704600174261e-04
3.3389718430346755e-04
3.5640588985621146e-04
3.7910287212069557e-04
4.0185621526280099e-04
4.2452299313655242e-04
4.4695019662684935e-04
4.6897599198187349e-04
4.9043131860035697e-04
5.1114182278355234e-04
5.3093011088429717e-04
5.4961829041998589e-04
5.6703075001110254e-04
5.8299710851095990e-04
5.9735524169755015e-04
6.0995427305644855e-04
6.2065740643406093e-04
6.2934460014239346e-04
6.3591602495276017e-04
6.4030194452652017e-04
6.4250142553809605e-04
6.4271349827754981e-04
5.5470214794623378e-06
5.1411085554199060e-06
5.5114956982355344e-06
6.6530048339528779e-06
8.5716481278864141e-06
1.1277662530995317e-05
1.4782053056012712e-05
1.9096371617354268e-05
2.4232916557605445e-05
3.0204728757554527e-05
3.7025391372991373e-05
4.4708706901622619e-05
5.3268291720979742e-05
6.2717105372154296e-05
7.3066921896495715e-05
8.4327745989518796e-05
9.6507174701760860e-05
1.0960970558623496e-04
1.2363599433202905e-04
1.3858206745112419e-04
1.5443849702610554e-04
1.7118954560390489e-04
1.8881229169457754e-04
2.0727574995993523e-04
2.2654000370652265e-04
2.4655537043015939e-04
2.6726162478168735e-04
2.8858730761150108e-04
3.1044915368345775e-04
3.3275167334491086e-04
3.5538692487685464e-04
3.7823451465134858e-04
4.0116186144634436e-04
4.2402475884685043e-04
4.4666826508879434e-04
4.6892794260679953e-04
4.9063145984143159e-04
5.1160055579255149e-04
5.3165335379455213e-04
5.5060699544443221e-04
5.6828054908096743e-04
5.8449813107178583e-04
5.9909216606961213e-04
6.1190671405026277e-04
6.2280083716218003e-04
6.3165217094609573e-04
6.3836152707749422e-04
6.4286117658851063e-04
6.4513205376913268e-04
6.4523531187896035e-04
3.0530426673511863e-06
2.5807756352586887e-06
2.9107815783352595e-06
4.0143026427414426e-06
5.8865260363476319e-06
8.5346402889331728e-06
1.1969633648171334e-05
1.6204120366667079e-05
2.1251866833362861e-05
2.7127593209217601e-05
3.3846742282002602e-05
4.1425171955667449e-05
4.9878772436616168e-05
5.9223013587197596e-05
6.9472426915384163e-05
8.0640024833328062e-05
9.2736658396251799e-05
1.0577031443620122e-04
1.1974535429531940e-04
1.3466169820686581e-04
1.5051396023005377e-04
1.6729053939596491e-04
1.8497267576303561e-04
2.0353348538872812e-04
2.2293699308007216e-04
2.4313718472417762e-04
2.6407710356815122e-04
2.8568801896685639e-04
3.0788870178408601e-04
3.3058484616577648e-04
3.5366868110358728e-04
3.7701881635570343e-04
4.0050036639225381e-04
4.2396539407322766e-04
4.4725371290577532e-04
4.7019408172496030e-04
4.9260581668923709e-04
5.1430083154519173e-04
5.3508609865002038e-04
5.5476650216914366e-04
5.7314803411950528e-04
5.9004126626905002e-04
6.0526501720939722e-04
6.1865012381480443e-04
6.3004322893849658e-04
6.3931057378878594e-04
6.4634218685775610e-04
6.5105835315476968e-04
6.5342381018541830e-04
6.5348368567416399e-04
-1.9479127954260402e-06
-2.4560321040667884e-06
-2.1720251997680951e-06
-1.1255481544374665e-06
6.7701971868823618e-07
3.2422506818346015e-06
6.5815076858752699e-06
1.0708551473136974e-05
1.5638872817699299e-05
2.1389377245953170e-05
2.7978099810779822e-05
3.5423880943059253e-05
4.3745984929648042e-05
5.2963653291325849e-05
6.3095590354697952e-05
7.4159381125682005e-05
8.6170841538296523e-05
9.9143299520933198e-05
1.1308680527505933e-04
1.2800727145479096e-04
1.4390554603575830e-04
1.6077642160847329e-04
1.7860758720347162e-04
1.9737853419840500e-04
2.1705943414542490e-04
2.3761001100707261e-04
2.5897843397092244e-04
2.8110026169438410e-04
3.0389747509264618e-04
3.2727764278604054e-04
3.5113326974786359e-04
3.7534138436145977e-04
3.9976342151147538e-04
4.2424545967242340e-04
4.4861886816879442e-04
4.7270141589456511e-04
4.9629888330214209e-04
5.1920720427838527e-04
5.4121514333510133e-04
5.6210748711169099e-04
5.8166869967174006e-04
5.9968696179520120e-04
6.1595848817541578e-04
6.3029199458748003e-04
6.4251318150263838e-04
6.5246918993549098e-04
6.6003349694040395e-04
6.6511359346934815e-04
6.6766814638798458e-04
6.6774980275867402e-04
-9.4120463207341194e-06
-9.9571261727744003e-06
-9.7275262565701531e-06
-8.7536165422616946e-06
-7.0419038985346360e-06
-4.5851626878336460e-06
-1.3707701116123855e-06
2.6168332574310711e-06
7.3954634528702388e-06
1.2984875839741161e-05
1.9406479858578986e-05
2.6683020056639982e-05
3.4838206034749599e-05
4.3896281008145397e-05
5.3881520671075829e-05
6.4817657123670473e-05
7.6727224662513581e-05
8.9630823288735207e-05
1.0354629479662692e-04
1.1848780825457550e-04
1.3446485454628439e-04
1.5148115065360501e-04
1.6953345580345309e-04
1.8861030706839607e-04
2.0869068991617682e-04
2.2974266560972818e-04
2.5172198194602753e-04
2.7457069916620184e-04
2.9821587081720410e-04
3.2256832976282357e-04
3.4752164069819149e-04
3.7295129009978301e-04
3.9871419113357592e-04
4.2464858464574584e-04
4.5057441809934776e-04
4.7629428112292137e-04
5.0159496725714196e-04
5.2624971497960255e-04
5.5002115652890782e-04
5.7266497029620977e-04
5.9393419189321763e-04
6.1358409237522295e-04
6.3137748486277810e-04
6.4709028392022372e-04
6.6051714424146437e-04
6.7147715653077540e-04
6.7982027659333442e-04
6.8543740644225659e-04
6.8828141684362690e-04
6.8841413568041941e-04
-1.9293360462640740e-05
-1.9884071423267319e-05
-1.9721793490676644e-05
-1.8838864385978933e-05
-1.7242151204400229e-05
-1.4923449414320993e-05
-1.1868376599160767e-05
-8.0590364535772396e-06
-3.4747136434244071e-06
1.9078427223255325e-06
8.1141703570382894e-06
1.5171806871472127e-05
2.3109949221113171e-05
3.1959051428498013e-05
4.1750350958873676e-05
5.2515314106976731e-05
6.4284992165184737e-05
7.7089279174073744e-05
9.0956060296776294e-05
1.0591024205001437e-04
1.2197266055628403e-04
1.3915886592137054e-04
1.5747778029762978e-04
1.7693023046131727e-04
1.9750736370686032e-04
2.1918896425038073e-04
2.4194169451229578e-04
2.6571729354900336e-04
2.9045077563006716e-04
3.1605868610987164e-04
3.4243748801919403e-04
3.6946216862365284e-04
3.9698516859195304e-04
4.2483574692848486e-04
4.5281990201992997e-04
4.8072097092894685e-04
5.0830102222876989e-04
5.3530313984243819e-04
5.6145466582023778e-04
5.8647142858998618e-04
6.1006292914910247e-04
6.3193839084379208e-04
6.5181350396766025e-04
6.6941763200030154e-04
6.8450124108496754e-04
6.9684352747896171e-04
7.0626114834323550e-04
7.1262167038908754e-04
7.1586963891914909e-04
7.1607811376074473e-04
-3.1542096448496112e-05
-3.2188868607711403e-05
-3.2109633687654894e-05
-3.1339641885690155e-05
-2.9886517573873362e-05
-2.7741040474859413e-05
-2.4886816148157959e-05
-2.1303249385060267e-05
-1.6966280203955531e-05
-1.1848626848850026e-05
-5.9199765872812852e-06
8.5278535992918567e-07
8.5052905863014430e-06
1.7075338640745926e-05
2.6602474063744976e-05
3.7127475593388306e-05
4.8691744068656405e-05
6.1336574773152749e-05
7.5102296989365352e-05
9.0027264546378114e-05
1.0614668763891744e-04
1.2349129939857048e-04
1.4208584787054113e-04
1.6194740417436752e-04
1.8308348476347129e-04
2.0548999575987253e-04
2.2914901743497168e-04
2.5402645792963147e-04
2.8006961943447689e-04
3.0720473887399448e-04
3.3533458812186502e-04
3.6433624323307224e-04
3.9405915562558082e-04
4.2432367983063948e-04
4.5492023164990232e-04
4.8560926410531625e-04
5.1612225071625975e-04
5.4616385063845801e-04
5.7541539479586453e-04
6.0353977622307079e-04
6.3018775317177629e-04
6.5500558186302505e-04
6.7764378944806748e-04
6.9776679040849815e-04
