%Vec Object:U 1 MPI processes
%  type: seq
U = [
0.0000000000000000e+00
3.6714557675256331e-05
1.4825352288742514e-04
2.8810096437587246e-04
4.3440206404977825e-04
5.8104234139416959e-04
7.2663856376454746e-04
8.7075911744214285e-04
1.0130893501637847e-03
1.1533029836745493e-03
1.2910517935766784e-03
1.4259674512309166e-03
1.5576624219004191e-03
1.6857296172812536e-03
1.8097415449677909e-03
1.9292494479761454e-03
2.0437826168159222e-03
2.1528478970752598e-03
2.2559294539004301e-03
2.3524890036642171e-03
2.4419667290294027e-03
2.5237828901402042e-03
2.5973400496499635e-03
2.6620260312214409e-03
2.7172179030070325e-03
2.7622871106622905e-03
2.7966056447364684e-03
2.8195532102825043e-03
2.8305256216462995e-03
2.8289446309717674e-03
2.8142690858557885e-03
2.7860070891567411e-03
2.7437289135753286e-03
2.6870805886205465e-03
2.6157980382205417e-03
2.5297214068289255e-03
2.4288089998091974e-03
2.3131502311362971e-03
2.1829770538341121e-03
2.0386733934320079e-03
1.8807820437300351e-03
1.7100083563661784e-03
1.5272199279575418e-03
1.3334416225360723e-03
1.1298480103106507e-03
9.1777653225140357e-04
6.9890883525940823e-04
4.7633811124984428e-04
2.5914040426019047e-04
7.6314209170348483e-05
0.0000000000000000e+00
0.0000000000000000e+00
-3.6714557675256331e-05
-1.4825352288742514e-04
-2.8810096437587246e-04
-4.3440206404977825e-04
-5.8104234139416959e-04
-7.2663856376454746e-04
-8.7075911744214285e-04
-1.0130893501637847e-03
-1.1533029836745493e-03
-1.2910517935766784e-03
-1.4259674512309166e-03
-1.5576624219004191e-03
-1.6857296172812536e-03
-1.8097415449677909e-03
-1.9292494479761454e-03
-2.0437826168159222e-03
-2.1528478970752598e-03
-2.2559294539004301e-03
-2.3524890036642171e-03
-2.4419667290294027e-03
-2.5237828901402042e-03
-2.5973400496499635e-03
-2.6620260312214409e-03
-2.7172179030070325e-03
-2.7622871106622905e-03
-2.7966056447364684e-03
-2.8195532102825043e-03
-2.8305256216462995e-03
-2.8289446309717674e-03
-2.8142690858557885e-03
-2.7860070891567411e-03
-2.7437289135753286e-03
-2.6870805886205465e-03
-2.6157980382205417e-03
-2.5297214068289255e-03
-2.4288089998091974e-03
-2.3131502311362971e-03
-2.1829770538341121e-03
-2.0386733934320079e-03
-1.8807820437300351e-03
-1.7100083563661784e-03
-1.5272199279575418e-03
-1.3334416225360723e-03
-1.1298480103106507e-03
-9.1777653225140357e-04
-6.9890883525940823e-04
-4.7633811124984428e-04
-2.5914040426019047e-04
-7.6314209170348483e-05
0.0000000000000000e+00
0.0000000000000000e+00
-8.4758117033202374e-05
-2.8354637808394000e-04
-5.1976811155384124e-04
-7.6431865723178261e-04
-1.0089669939578104e-03
-1.2514484498925074e-03
-1.4907967798738228e-03
-1.7262853111900279e-03
-1.9572271691548101e-03
-2.1829381082005658e-03
-2.4027278013642570e-03
-2.6158967659023467e-03
-2.8217347114152577e-03
-3.0195193178685596e-03
-3.2085152923492220e-03
-3.3879738056562954e-03
-3.5571323700737834e-03
-3.7152151297266439e-03
-3.8614336111458748e-03
-3.9949881284130047e-03
-4.1150700034149595e-03
-4.2208646198728210e-03
-4.3115553642143504e-03
-4.3863286691203721e-03
-4.4443803696469029e-03
-4.4849234156016122e-03
-4.5071969308753514e-03
-4.5104767060755585e-03
-4.4940872241743188e-03
-4.4574151650110016e-03
-4.3999241841153084e-03
-4.3211707413449083e-03
-4.2208207714794950e-03
-4.0986669005137625e-03
-3.9546457334400332e-03
-3.7888546025836474e-03
-3.6015671425009663e-03
-3.3932470995549266e-03
-3.1645598052944188e-03
-2.9163807155180689e-03
-2.6498004110659711e-03
-2.3661256923502884e-03
-2.0668776298157243e-03
-1.7537933252505774e-03
-1.4288686471468359e-03
-1.0946331224870889e-03
-7.5552414423071031e-04
-4.2355380282492320e-04
-1.3662965968186250e-04
0.0000000000000000e+00
0.0000000000000000e+00
-9.1568929838185237e-05
-3.0574432076402200e-04
-5.5882627475734438e-04
-8.2004372407071540e-04
-1.0810341624844448e-03
-1.3395733447826867e-03
-1.5946907743434001e-03
-1.8456233580339922e-03
-2.0916376880186732e-03
-2.3320024235177136e-03
-2.5659824110001294e-03
-2.7928360739222268e-03
-3.0118136188575875e-03
-3.2221555836247301e-03
-3.4230916263453168e-03
-3.6138396410895232e-03
-3.7936052566842236e-03
-3.9615816707955559e-03
-4.1169498784704448e-03
-4.2588795457080900e-03
-4.3865306920841309e-03
-4.4990561349903231e-03
-4.5956047720047306e-03
-4.6753260819788183e-03
-4.7373761539568036e-03
-4.7809251854229063e-03
-4.8051663165059296e-03
-4.8093259662988315e-03
-4.7926759963978953e-03
-4.7545477805240686e-03
-4.6943479249402717e-03
-4.6115753162666168e-03
-4.5058392972942814e-03
-4.3768787841744344e-03
-4.2245819310997969e-03
-4.0490056829909681e-03
-3.8503944198812934e-03
-3.6291969111949779e-03
-3.3860808600380899e-03
-3.1219443350578909e-03
-2.8379233633535083e-03
-2.5353950367752441e-03
-2.2159762730439491e-03
-1.8815232353606337e-03
-1.5341651277217909e-03
-1.1765615216361958e-03
-8.1328628450986974e-04
-4.5679633149891944e-04
-1.4743299065182256e-04
0.0000000000000000e+00
0.0000000000000000e+00
-9.2803443412032080e-05
-3.1181602122743243e-04
-5.7093485640921421e-04
-8.3836458028301139e-04
-1.1055269349887732e-03
-1.3701974398822694e-03
-1.6314315108742401e-03
-1.8884846238294358e-03
-2.1406346844735232e-03
-2.3871577758122161e-03
-2.6273243164993943e-03
-2.8603973811599120e-03
-3.0856312085898881e-03
-3.3022696487789807e-03
-3.5095445248216847e-03
-3.7066741203111470e-03
-3.8928619980262090e-03
-4.0672960828322773e-03
-4.2291479359862043e-03
-4.3775725086054890e-03
-4.5117087413498406e-03
-4.6306810300284712e-03
-4.7336015149156982e-03
-4.8195735324655948e-03
-4.8876966801794470e-03
-4.9370735970688303e-03
-4.9668183755271879e-03
-4.9760667616909971e-03
-4.9639885089662571e-03
-4.9298020803978789e-03
-4.8727915937282632e-03
-4.7923258091791508e-03
-4.6878790240370812e-03
-4.5590536870501125e-03
-4.4056042897024890e-03
-4.2274617895770540e-03
-4.0247576390199527e-03
-3.7978464342822791e-03
-3.5473261720970158e-03
-3.2740550495456767e-03
-2.9791636994511181e-03
-2.6640618142534426e-03
-2.3304387834180615e-03
-1.9802628252960871e-03
-1.6158136819135337e-03
-1.2399502368379074e-03
-8.5757129294989395e-04
-4.8191733742278139e-04
-1.5565407826276958e-04
0.0000000000000000e+00
0.0000000000000000e+00
-9.4119136580247706e-05
-3.1808904811499910e-04
-5.8355412790949053e-04
-8.5767784172952923e-04
-1.1316119085228889e-03
-1.4030935249875281e-03
-1.6711872665072351e-03
-1.9351646657242844e-03
-2.1943197859092302e-03
-2.4479441932967437e-03
-2.6953230976877055e-03
-2.9357335293493298e-03
-3.1684426123741176e-03
-3.3927057315811500e-03
-3.6077644106017027e-03
-3.8128439755494340e-03
-4.0071513007841134e-03
-4.1898727012627751e-03
-4.3601718847329843e-03
-4.5171882499702824e-03
-4.6600359968358221e-03
-4.7878040873544142e-03
-4.8995569581809836e-03
-4.9943363900871755e-03
-5.0711651570667440e-03
-5.1290526454349158e-03
-5.1670023510619499e-03
-5.1840214696805354e-03
-5.1791331429518203e-03
-5.1513918031709672e-03
-5.0999016923455216e-03
-5.0238384514530244e-03
-4.9224737020053732e-03
-4.7952024871616723e-03
-4.6415731607901845e-03
-4.4613189391622165e-03
-4.2543900377204312e-03
-4.0209851350068221e-03
-3.7615807551429842e-03
-3.4769569856381017e-03
-3.1682178016769250e-03
-2.8368043172845771e-03
-2.4845001447399715e-03
-2.1134336498604424e-03
-1.7261156449561146e-03
-1.3257304432009633e-03
-9.1770165209680335e-04
-5.1638242406238733e-04
-1.6736872596165398e-04
0.0000000000000000e+00
0.0000000000000000e+00
-9.5915882592875418e-05
-3.2620884232028007e-04
-5.9968343633779147e-04
-8.8224592327878929e-04
-1.1647314107854165e-03
-1.4448296390469314e-03
-1.7216107223946352e-03
-1.9943609581448869e-03
-2.2623914793681822e-03
-2.5250120351272202e-03
-2.7815267859398912e-03
-3.0312320840448609e-03
-3.2734141708887412e-03
-3.5073466557588272e-03
-3.7322875410126547e-03
-3.9474757620748084e-03
-4.1521275952685916e-03
-4.3454330678277036e-03
-4.5265521814057842e-03
-4.6946112253273302e-03
-4.8486998484096487e-03
-4.9878689974349110e-03
-5.1111294781177423e-03
-5.2174515005838527e-03
-5.3057660000220821e-03
-5.3749681304902566e-03
