%Vec Object:V 1 MPI processes
%  type: seq
V = [
0.0000000000000000e+00
0.0000000000000000e+00
0.0000000000000000e+00
0.0000000000000000e+00
0.0000000000000000e+00
0.0000000000000000e+00
0.0000000000000000e+00
0.0000000000000000e+00
0.0000000000000000e+00
0.0000000000000000e+00
0.0000000000000000e+00
0.0000000000000000e+00
0.0000000000000000e+00
0.0000000000000000e+00
0.0000000000000000e+00
0.0000000000000000e+00
0.0000000000000000e+00
0.0000000000000000e+00
0.0000000000000000e+00
0.0000000000000000e+00
0.0000000000000000e+00
0.0000000000000000e+00
0.0000000000000000e+00
0.0000000000000000e+00
0.0000000000000000e+00
0.0000000000000000e+00
0.0000000000000000e+00
0.0000000000000000e+00
0.0000000000000000e+00
0.0000000000000000e+00
0.0000000000000000e+00
0.0000000000000000e+00
0.0000000000000000e+00
0.0000000000000000e+00
0.0000000000000000e+00
0.0000000000000000e+00
0.0000000000000000e+00
0.0000000000000000e+00
0.0000000000000000e+00
0.0000000000000000e+00
0.0000000000000000e+00
0.0000000000000000e+00
0.0000000000000000e+00
0.0000000000000000e+00
0.0000000000000000e+00
0.0000000000000000e+00
0.0000000000000000e+00
0.0000000000000000e+00
0.0000000000000000e+00
0.0000000000000000e+00
0.0000000000000000e+00
0.0000000000000000e+00
-5.7737250208633211e-05
5.7737250208633211e-05
1.8636990898141176e-04
2.3367436490461199e-04
2.4445410951866965e-04
2.4501937936446787e-04
2.4327402451911057e-04
2.4080765438140060e-04
2.3781593988624471e-04
2.3427972259328734e-04
2.3016224538112442e-04
2.2542952587832683e-04
2.2004904650633057e-04
2.1398795217549368e-04
2.0721218895775252e-04
1.9968627153102602e-04
1.9137347501125578e-04
1.8223629742464308e-04
1.7223705693884228e-04
1.6133858043972012e-04
1.4950504894971857e-04
1.3670306176816546e-04
1.2290288515455012e-04
1.0807982699556802e-04
9.2215768518941476e-05
7.5300929279841988e-05
5.7335844679367079e-05
3.8333418979463029e-05
1.8320930892872481e-05
-2.6580204738291511e-06
-2.4541586951757296e-05
-4.7247795083428339e-05
-7.0672886325492861e-05
-9.4690083905707675e-05
-1.1914893135674159e-04
-1.4387526452336013e-04
-1.6867186287440711e-04
-1.9331986483853391e-04
-2.1758106386290669e-04
-2.4120120030670205e-04
-2.6391435005917243e-04
-2.8544851111182652e-04
-3.0553248237877209e-04
-3.2390369763804434e-04
-3.4031231895136012e-04
-3.5448608773061573e-04
-3.6584858983145196e-04
-3.7203765822818943e-04
-3.6304805774573602e-04
-3.0557212076320813e-04
-1.2660011516048617e-04
1.2660011516048617e-04
-1.9794538826687567e-04
1.9794538826687567e-04
5.1763585666098348e-04
6.2730619465100950e-04
6.5195655544984224e-04
6.5268264360272561e-04
6.4732671248743552e-04
6.3964045358951330e-04
6.3021826014553856e-04
6.1910721756057105e-04
6.0627505401108226e-04
5.9167760575580216e-04
5.7526674753329140e-04
5.5699113366997511e-04
5.3679641692604282e-04
5.1462564021566726e-04
4.9041987039237186e-04
4.6411910677056307e-04
4.3566349795026981e-04
4.0499490400831064e-04
3.7205882359057224e-04
3.3680667445945176e-04
2.9919843567324859e-04
2.5920571862267665e-04
2.1681530827680713e-04
1.7203308033291652e-04
1.2488812189731738e-04
7.5436968684333892e-05
2.3767982160423142e-05
-2.9994154867436310e-05
-8.5684013751904714e-05
-1.4309136955257526e-04
-2.0195780249415444e-04
-2.6197414915739444e-04
-3.2277898565832988e-04
-3.8395839159922532e-04
-4.4504730796591005e-04
-5.0553278238651912e-04
-5.6485929045078400e-04
-6.2243619316746204e-04
-6.7764728826610508e-04
-7.2986232009024962e-04
-7.7845002438812713e-04
-8.2279048265345800e-04
-8.6227269483834504e-04
-8.9619133963499804e-04
-9.2307848005102641e-04
-9.3738889542667686e-04
-9.1648430188809988e-04
-7.8387275403531023e-04
-3.5267522873635683e-04
3.5267522873635683e-04
-3.4942006979068281e-04
3.4942006979068281e-04
8.7452887953733040e-04
1.0490160172428580e-03
1.0872147700901160e-03
1.0875609116291663e-03
1.0781210837345013e-03
1.0647348451204239e-03
1.0483417126726869e-03
1.0290378657295766e-03
1.0067941849176063e-03
9.8155997251259033e-04
9.5327633019015156e-04
9.2187823231899000e-04
8.8729532873699549e-04
8.4945273181071966e-04
8.0827207234416859e-04
7.6367293648462690e-04
7.1557470192144216e-04
6.6389882212346697e-04
6.0857169740480776e-04
5.4952823576116805e-04
4.8671606176671527e-04
4.2010028683393466e-04
3.4966884594044923e-04
2.7543845610046249e-04
1.9746116874056832e-04
1.1583136577028220e-04
3.0692992706388748e-05
-5.7753173027752920e-05
-1.4924242066489225e-04
-2.4343942192581151e-04
-3.3993230437934907e-04
-4.3822791326879568e-04
-5.3774874372514007e-04
-6.3783202452014130e-04
-7.3773139682249298e-04
-8.3662157317566639e-04
-9.3360628104423467e-04
-1.0277296734418156e-03
-1.1179912093122843e-03
-1.2033637484746699e-03
-1.2828140431420426e-03
-1.3553220007017567e-03
-1.4198768222020567e-03
-1.4753165916357421e-03
-1.5192878386859996e-03
-1.5430521236210622e-03
-1.5108230392159375e-03
-1.2996019135544103e-03
-5.9663260106608887e-04
5.9663260106608887e-04
-5.0293361393544307e-04
5.0293361393544307e-04
1.2394746450287444e-03
1.4807775629420207e-03
1.5328178052520396e-03
1.5327179175997755e-03
1.5191276813016836e-03
1.5000178730219399e-03
1.4766606325124483e-03
1.4491890714084144e-03
1.4175709538675146e-03
1.3817464054218073e-03
1.3416445485962866e-03
1.2971856881548918e-03
1.2482821493545640e-03
1.1948391478954134e-03
1.1367559371693752e-03
1.0739274495114247e-03
1.0062465858773199e-03
9.3360722549794457e-04
8.5590802442556861e-04
7.7305707033141122e-04
6.8497741905352129e-04
5.9161354218493383e-04
4.9293873981953468e-04
3.8896351245537304e-04
2.7974477519686266e-04
1.6539574906992505e-04
4.6096379589275682e-05
-7.7895889779155492e-05
-2.0623527515742978e-04
-3.3847718286456670e-04
-4.7406867968188550e-04
-6.1234053487435516e-04
-7.5250149425358905e-04
-8.9363546658651719e-04
-1.0347023154981363e-03
-1.1745429288111265e-03
-1.3118891532096408e-03
-1.4453790215090861e-03
-1.5735774553043156e-03
-1.6950022547574011e-03
-1.8081543461010104e-03
-1.9115472867329726e-03
-2.0037057419508559e-03
-2.0829485194282706e-03
-2.1459557381964902e-03
-2.1805845909116384e-03
-2.1371313116199911e-03
-1.8435180862899734e-03
-8.5419478120736774e-04
8.5419478120736774e-04
-6.5862141419178728e-04
6.5862141419178728e-04
1.6126769541411155e-03
1.9231098216531410e-03
1.9895710156453573e-03
1.9891545812397056e-03
1.9714792177901717e-03
1.9467261884215914e-03
1.9165120748579720e-03
1.8810071104189978e-03
1.8401745831929208e-03
1.7939442109989685e-03
1.7422320808387207e-03
1.6849424744594494e-03
1.6219681726188544e-03
1.5531910173268893e-03
1.4784829819326965e-03
1.3977079011069009e-03
1.3107239788852825e-03
1.2173871831531323e-03
1.1175556976478656e-03
1.0110955809082200e-03
8.9788765178987282e-04
7.7783558871594410e-04
6.5087531058238216e-04
5.1698573227166526e-04
3.7620090754848838e-04
2.2862345993566733e-04
7.4439100181768734e-05
-8.6068074186203353e-05
-2.5249991208962436e-04
-4.2432870559288676e-04
-6.0088251162316675e-04
-7.8133211008502880e-04
-9.6468055854476392e-04
-1.1497564172898999e-03
-1.3352117677478811e-03
-1.5195261203660255e-03
-1.7010172113149237e-03
-1.8778595247193194e-03
-2.0481111161908300e-03
-2.2097488341014772e-03
-2.3607108052904192e-03
-2.4989395426544083e-03
-2.6223855670174474e-03
-2.7287304663936264e-03
-2.8135301099111308e-03
-2.8609029415276720e-03
-2.8062443429669849e-03
-2.4253671049922123e-03
-1.1311418275068890e-03
1.1311418275068890e-03
-8.1727838930225683e-04
8.1727838930225683e-04
1.9964110717248513e-03
2.3787830848929284e-03
2.4603810102386482e-03
2.4598370792874888e-03
2.4381860313577655e-03
2.4079071545383694e-03
2.3709770975204585e-03
2.3276078750015415e-03
2.2777608942505627e-03
2.2213569681864662e-03
2.1582996553620782e-03
2.0884766988872087e-03
2.0117596492434599e-03
1.9280038217607174e-03
1.8370488988070943e-03
1.7387203879012387e-03
1.6328320955802140e-03
1.5191897160585974e-03
1.3975956885378192e-03
1.2678554850011701e-03
1.1297854204472804e-03
9.8322212257481788e-04
8.2803388244588323e-04
6.6413405809598975e-04
4.9149655899227793e-04
3.1017331819253706e-04
