%Vec Object:X_ 1 MPI processes
%  type: seq
X_ = [
2.8577566846352959e-08
3.2175160483791715e-03
8.1671160635923487e-03
1.3117023604955751e-02
1.6334332773186785e-02
-8.9514657505933813e-03
-1.5903599659474604e-03
8.1675867705099589e-03
1.7924157492784462e-02
2.5285858682918709e-02
-3.8313141227186029e-02
-1.3052245077219735e-02
8.1671385627867382e-03
2.9386487176621675e-02
5.4647027198509363e-02
];
