%Vec Object:U 1 MPI processes
%  type: seq
U = [
0.0000000000000000e+00
0.0000000000000000e+00
0.0000000000000000e+00
0.0000000000000000e+00
0.0000000000000000e+00
0.0000000000000000e+00
0.0000000000000000e+00
0.0000000000000000e+00
0.0000000000000000e+00
0.0000000000000000e+00
0.0000000000000000e+00
0.0000000000000000e+00
0.0000000000000000e+00
0.0000000000000000e+00
0.0000000000000000e+00
0.0000000000000000e+00
0.0000000000000000e+00
0.0000000000000000e+00
0.0000000000000000e+00
0.0000000000000000e+00
0.0000000000000000e+00
0.0000000000000000e+00
0.0000000000000000e+00
0.0000000000000000e+00
0.0000000000000000e+00
0.0000000000000000e+00
0.0000000000000000e+00
0.0000000000000000e+00
0.0000000000000000e+00
0.0000000000000000e+00
0.0000000000000000e+00
0.0000000000000000e+00
0.0000000000000000e+00
0.0000000000000000e+00
0.0000000000000000e+00
0.0000000000000000e+00
0.0000000000000000e+00
0.0000000000000000e+00
0.0000000000000000e+00
0.0000000000000000e+00
0.0000000000000000e+00
0.0000000000000000e+00
0.0000000000000000e+00
0.0000000000000000e+00
0.0000000000000000e+00
0.0000000000000000e+00
0.0000000000000000e+00
0.0000000000000000e+00
0.0000000000000000e+00
0.0000000000000000e+00
0.0000000000000000e+00
0.0000000000000000e+00
-1.0358975564460625e-04
-2.1891680661850662e-04
-3.3210273170121088e-04
-4.4327595441093453e-04
-5.5225813302108354e-04
-6.5875287700444148e-04
-7.6240979170914076e-04
-8.6285283661844021e-04
-9.5970856653431640e-04
-1.0526183806601514e-03
-1.1412349331046856e-03
-1.2252245514592940e-03
-1.3042722667759965e-03
-1.3780812106806018e-03
-1.4463814092722704e-03
-1.5089365826120083e-03
-1.5655231834329998e-03
-1.6159208690466587e-03
-1.6599433108273477e-03
-1.6974462454608520e-03
-1.7283049860347610e-03
-1.7524239313102897e-03
-1.7697342954206840e-03
-1.7801607104868688e-03
-1.7836497884033077e-03
-1.7802067480625094e-03
-1.7698541345885844e-03
-1.7526136085314148e-03
-1.7285408421096316e-03
-1.6977250245489729e-03
-1.6602702328332563e-03
-1.6163088617160205e-03
-1.5660064601694045e-03
-1.5095396141945640e-03
-1.4470946315639388e-03
-1.3788910672891052e-03
-1.3051860897530965e-03
-1.2262581301855668e-03
-1.1424029246587786e-03
-1.0539417261917095e-03
-9.6121819826659131e-04
-8.6458850210114236e-04
-7.6442661817933911e-04
-6.6113798425660342e-04
-5.5515226609509588e-04
-4.4689807003065244e-04
-3.3680009416166891e-04
-2.2530517552111107e-04
-1.1288467418805404e-04
0.0000000000000000e+00
0.0000000000000000e+00
-1.1169695336775647e-04
-2.2485873177425481e-04
-3.3772420289902134e-04
-4.4937370115630726e-04
-5.5917982067600711e-04
-6.6664436469349555e-04
-7.7132640226620702e-04
-8.7280278449935360e-04
-9.7066864686351343e-04
-1.0645496523656929e-03
-1.1540923892287436e-03
-1.2389551577897129e-03
-1.3188182694189520e-03
-1.3933857648943660e-03
-1.4623787529395482e-03
-1.5255476338371121e-03
-1.5826753917049618e-03
-1.6335577474831543e-03
-1.6780106296185714e-03
-1.7158870640052459e-03
-1.7470574203649392e-03
-1.7714096533929257e-03
-1.7888708276945354e-03
-1.7993875367846625e-03
-1.8029176586807382e-03
-1.7994500971338435e-03
-1.7889979965282521e-03
-1.7715911868428202e-03
-1.7472860200239283e-03
-1.7161669655145850e-03
-1.6783441747643035e-03
-1.6339548062914711e-03
-1.5831567290476301e-03
-1.5261216956068680e-03
-1.4630422535062593e-03
-1.3941418224339408e-03
-1.3196743424566115e-03
-1.2399196037880867e-03
-1.1551811297676373e-03
-1.0657826344003497e-03
-9.7206319580545042e-04
-8.7437847923401259e-04
-7.7310901066518056e-04
-6.6866692499389479e-04
-5.6148948670800894e-04
-4.5201661889674230e-04
-3.4067701695031263e-04
-2.2791093625837533e-04
-1.1419587367047513e-04
0.0000000000000000e+00
0.0000000000000000e+00
-1.1585200844000831e-04
-2.3162169874517234e-04
-3.4672262625400589e-04
-4.6056248335994671e-04
-5.7258201026249135e-04
-6.8226450301955041e-04
-7.8913633746462348e-04
-8.9275278120215268e-04
-9.9269021944058795e-04
-1.0885525680986651e-03
-1.1799697962853939e-03
-1.2665900069612169e-03
-1.3480851517429504e-03
-1.4241569502703255e-03
-1.4945303908044827e-03
-1.5589536618949929e-03
-1.6172005929806943e-03
-1.6690657557994015e-03
-1.7143696295692434e-03
-1.7529577799378249e-03
-1.7846955527395991e-03
-1.8094918842767971e-03
-1.8272861206750468e-03
-1.8380046630178581e-03
-1.8415968563991170e-03
-1.8380614737641566e-03
-1.8274097122803923e-03
-1.8096704575353596e-03
-1.7849139996960295e-03
-1.7532278277570378e-03
-1.7147030517453076e-03
-1.6694609767448211e-03
-1.6176631912053453e-03
-1.5594936723370091e-03
-1.4951518462619263e-03
-1.4248608910642257e-03
-1.3488718317201799e-03
-1.2674637509315456e-03
-1.1809440068878717e-03
-1.0896421962445313e-03
-9.9390350478938843e-04
-8.9409409943935541e-04
-7.9060829459157492e-04
-6.8386143569294517e-04
-5.7428312933972771e-04
-4.6232368047351537e-04
-3.4844831376160460e-04
-2.3311807868122260e-04
-1.1680100019979989e-04
0.0000000000000000e+00
0.0000000000000000e+00
-1.2030546202975973e-04
-2.4021809235223707e-04
-3.5922165314378809e-04
-4.7681060993885402e-04
-5.9247469704971066e-04
-7.0570519832889827e-04
-8.1601366032141396e-04
-9.2293801091503644e-04
-1.0260403852418315e-03
-1.1249095152545806e-03
-1.2191601192166142e-03
-1.3084324825366389e-03
-1.3923988794583343e-03
-1.4707562422673038e-03
-1.5432147240238947e-03
-1.6095152598459418e-03
-1.6694360898283956e-03
-1.7227722314745765e-03
-1.7693498111023298e-03
-1.8090267239614555e-03
-1.8416566456483886e-03
-1.8671284086540796e-03
-1.8853893173743730e-03
-1.8963865800274693e-03
-1.9000757881964870e-03
-1.8964463612487182e-03
-1.8855058387533764e-03
-1.8672846782197272e-03
-1.8418451016561299e-03
-1.8092686920739220e-03
-1.7696576250730445e-03
-1.7231420303696777e-03
-1.6698699645094272e-03
-1.6100080619097224e-03
-1.5437618902138705e-03
-1.4713753227099512e-03
-1.3931051744039459e-03
-1.3092176918819032e-03
-1.2200140375268642e-03
-1.1258382707348869e-03
-1.0270540183317856e-03
-9.2403265531874727e-04
-8.1717177447367291e-04
-7.0690523179442802e-04
-5.9368668159176074e-04
-4.7798157552133349e-04
-3.6027182744323481e-04
-2.4104224815873820e-04
-1.2077700236784672e-04
0.0000000000000000e+00
0.0000000000000000e+00
-1.2589356596900302e-04
-2.5127658176499646e-04
-3.7562570450736134e-04
-4.9841896222552477e-04
-6.1913887308179488e-04
-7.3726392505045469e-04
-8.5228997376634251e-04
-9.6373977455307535e-04
-1.0711565622563476e-03
-1.1741087400364623e-03
-1.2721936293846536e-03
-1.3650363044039888e-03
-1.4523051284159949e-03
-1.5337085082557701e-03
-1.6089591631607437e-03
-1.6777834311624473e-03
-1.7399526602234450e-03
-1.7952633611730230e-03
-1.8435376216585553e-03
-1.8846315677031168e-03
-1.9184106747640306e-03
-1.9447842540052697e-03
-1.9636978691473183e-03
-1.9750840841736795e-03
-1.9789025746845424e-03
-1.9751456106335708e-03
-1.9638142471948418e-03
-1.9449414271548004e-03
-1.9185976932155091e-03
-1.8848619929406273e-03
-1.8438210641310304e-03
-1.7955934452616607e-03
-1.7403335975841206e-03
-1.6782204799184886e-03
-1.6094558022743755e-03
-1.5342700913072527e-03
-1.4529228313997855e-03
-1.3656969404695829e-03
-1.2728982722388959e-03
-1.1748631893623695e-03
-1.0719626547418671e-03
-9.6459513187249432e-04
-8.5318078506984923e-04
-7.3816579497735905e-04
-6.2002195677455239e-04
-4.9923833253012089e-04
-3.7632161750293490e-04
-2.5179392062133486e-04
-1.2617527462912114e-04
0.0000000000000000e+00
0.0000000000000000e+00
-1.3288274882270802e-04
-2.6520560865450073e-04
-3.9637901313333782e-04
-5.2583981489998154e-04
-6.5304779306267719e-04
-7.7745423714004058e-04
-8.9851879965873686e-04
-1.0157381920235231e-03
-1.1286384087232904e-03
-1.2367692745599446e-03
-1.3397162383862332e-03
-1.4370985008170679e-03
-1.5285711084036591e-03
-1.6138278002812579e-03
-1.6925765464132758e-03
-1.7645447175675267e-03
-1.8295039262475887e-03
-1.8872534327349811e-03
-1.9376332349118665e-03
-1.9805117303583917e-03
-2.0157413003055158e-03
-2.0432301129003206e-03
-2.0629339268106329e-03
-2.0747951121890653e-03
-2.0787752103685045e-03
-2.0748592877532744e-03
