%Vec Object:P 1 MPI processes
%  type: seq
P = [
5.4021275037041295e-05
2.4511393163898112e-05
-5.5303922229906247e-05
-1.7234087394544826e-04
-3.1007107307384876e-04
-4.5298769215705342e-04
-5.8812214646123513e-04
-7.0531838367702637e-04
-7.9699908081575096e-04
-8.5775716589816414e-04
-8.8392616249035661e-04
-8.7319760076176318e-04
-8.2430732532707987e-04
-7.3679287407725643e-04
-6.1081648955054965e-04
-4.4704504911925470e-04
-2.4657748583933198e-04
-1.0910674491320391e-05
2.5806589391911525e-04
5.5805644359650840e-04
8.8633403606930847e-04
1.2397108570451590e-03
1.6145107520758961e-03
2.0065523360664459e-03
2.4111494901987137e-03
2.8231314574864047e-03
3.2368842580893305e-03
3.6464199545035662e-03
4.0454788827924189e-03
4.4276612471457408e-03
4.7865820856128893e-03
5.1160488153379835e-03
5.4102602740274449e-03
5.6640187620849627e-03
5.8729436007811907e-03
6.0336788979721539e-03
6.1440905521464922e-03
6.2034447511490490e-03
6.2125593032647704e-03
6.1739239287543785e-03
6.0917906179969511e-03
5.9722348325832800e-03
5.8231845303006865e-03
5.6544090505581323e-03
5.4774458705599540e-03
5.3054015879613337e-03
5.1524702315661692e-03
5.0328226449524466e-03
4.9580885817682137e-03
4.9314049108331618e-03
1.9864580493286489e-04
1.5187583605535035e-04
7.0565713834683095e-05
-3.3326474808275433e-05
-1.4832451552488799e-04
-2.6390848800815833e-04
-3.7095812113806584e-04
-4.6196408933986015e-04
-5.3102250083082345e-04
-5.7369196020097936e-04
-5.8678820362475744e-04
-5.6817014551057278e-04
-5.1654617229819014e-04
-4.3131191847587563e-04
-3.1242441341555619e-04
-1.6031297310990423e-04
2.4176239953959480e-05
2.3980793278135452e-04
4.8496398581422603e-04
7.5763460007781760e-04
1.0554008596634411e-03
1.3754149338564773e-03
1.7143827830507238e-03
2.0685543604002242e-03
2.4337279744718119e-03
2.8052737435141769e-03
3.1781776887533208e-03
3.5471086695484720e-03
3.9065113100418434e-03
4.2507249295148522e-03
4.5741254163216543e-03
4.8712866524414332e-03
5.1371573045767586e-03
5.3672466901063011e-03
5.5578125280848888e-03
5.7060434719391189e-03
5.8102283288064853e-03
5.8699029021977113e-03
5.8859670138859017e-03
5.8607674885108180e-03
5.7981441974317340e-03
5.7034346944947406e-03
5.5834309435944139e-03
5.4462803046971802e-03
5.3013185223033691e-03
5.1588086177472032e-03
5.0295348820292279e-03
4.9241638834751104e-03
4.8521572861710436e-03
4.8193149458587567e-03
4.4141544867112452e-04
3.6375229406512670e-04
2.5944162027349729e-04
1.4628392838804627e-04
3.3454077241558441e-05
-7.2342139115847104e-05
-1.6550739629780825e-04
-2.4133721350852360e-04
-2.9600198545114972e-04
-3.2651268705495329e-04
-3.3064778376500515e-04
-3.0685840097990138e-04
-2.5417075923503092e-04
-1.7209875373404412e-04
-6.0574151696321113e-05
8.0102016719409114e-05
2.4928643461817574e-04
4.4600171495350310e-04
6.6893084293628770e-04
9.1640228452049123e-04
1.1863692354340564e-03
1.4763869305335271e-03
1.7835925313110337e-03
2.1046938261637840e-03
2.4359734150715992e-03
2.7733096914705573e-03
3.1122139767584579e-03
3.4478895417749695e-03
3.7753186396991111e-03
4.0893745127247539e-03
4.3849518158350278e-03
4.6571141271232004e-03
4.9012582681938000e-03
5.1132888863032137e-03
5.2897929494263073e-03
5.4282059257510914e-03
5.5269628832053620e-03
5.5856254807506627e-03
5.6049744298332944e-03
5.5870596087734432e-03
5.5352037148063589e-03
5.4539567118606185e-03
5.3489976875883399e-03
5.2269800294630544e-03
5.0953172771808298e-03
4.9619152793472180e-03
4.8348824130583726e-03
4.7223322240328549e-03
4.6326761140033333e-03
4.5767808743179218e-03
7.1654237749345525e-04
5.9967833757719653e-04
4.5907943414103761e-04
3.2095820544510417e-04
1.9407179526951515e-04
8.2622055946893314e-05
-1.0505548648757003e-05
-8.2999074985337312e-05
-1.3297681317160005e-04
-1.5895790037108142e-04
-1.5983776457437595e-04
-1.3485362319036747e-04
-8.3544418285456454e-05
-5.7146580021025321e-06
9.8590781535160715e-05
2.2909725587657841e-04
3.8529738486402628e-04
5.6643644712529157e-04
7.7148779662850975e-04
9.9912062457246280e-04
1.2476646160508136e-03
1.5150768781684745e-03
1.7989127588663068e-03
2.0963031422133300e-03
2.4039467627462760e-03
2.7181221731893534e-03
3.0347178315694866e-03
3.3492829681607732e-03
3.6571047047616340e-03
3.9533111197805693e-03
4.2329966107109733e-03
4.4913679131693652e-03
4.7239078377382679e-03
4.9265488152268836e-03
5.0958465941607209e-03
5.2291457104723096e-03
5.3247275818570187e-03
5.3819299721061063e-03
5.4012273826933585e-03
5.3842649531620186e-03
5.3338398993184738e-03
5.2538252970915659e-03
5.1490351064530778e-03
5.0250354428650846e-03
4.8879121115631714e-03
4.7440198507102786e-03
4.5998023034242701e-03
4.4619932697368067e-03
4.3393199887130987e-03
4.2498843926930497e-03
9.6464325550580906e-04
8.0654104872819718e-04
6.2431701318671040e-04
4.5343582375374384e-04
3.0334281901930535e-04
1.7668904621455427e-04
7.4361401818406322e-05
-3.2392799170664891e-06
-5.5889016165919291e-05
-8.3468659508370449e-05
-8.5942736716449860e-05
-6.3346170989332624e-05
-1.5773465535039926e-05
5.6625405401073355e-05
1.5363874029865663e-04
2.7497502720668255e-04
4.2023326926430183e-04
5.8886342016562117e-04
7.8011957611576676e-04
9.9300752505440660e-04
1.2262297621915201e-03
1.4781340232053592e-03
1.7466672814923060e-03
2.0293376665915281e-03
2.3231928665920260e-03
2.6248175568060073e-03
2.9303477782476341e-03
3.2355086569589935e-03
3.5356838502151214e-03
3.8260150824976700e-03
4.1015260626299267e-03
4.3572696467717694e-03
4.5884968946279083e-03
4.7908401408591674e-03
4.9604987273827277e-03
5.0944170540367555e-03
5.1904444137629811e-03
5.2474641115210566e-03
5.2654797199489130e-03
5.2456493536456785e-03
5.1902612842389170e-03
5.1026459521332094e-03
4.9870243741134456e-03
4.8483026349913283e-03
4.6918342827154862e-03
4.5231967358198375e-03
4.3481212719390936e-03
4.1730791951613911e-03
4.0083745907367229e-03
3.8806463767718635e-03
1.1402225302666298e-03
9.4172450688841255e-04
7.1685075008136236e-04
5.1026106251383235e-04
3.3261929875426735e-04
1.8561081511205024e-04
6.8629252619014652e-05
-1.9439320611245419e-05
-7.9738043379458636e-05
-1.1330777249196112e-04
-1.2104969029783776e-04
-1.0371466771031334e-04
-6.1905087681218186e-05
3.9106306883610002e-06
9.3368983198751721e-05
2.0617027482712700e-04
3.4202709915156127e-04
5.0060289336247954e-04
6.8144247998092934e-04
8.8389623839561272e-04
1.1070430992040140e-03
1.3496205555429803e-03
1.6099597039109944e-03
1.8859247667652212e-03
2.1748690093897380e-03
2.4736126285703828e-03
2.7784410332606767e-03
3.0851294507927181e-03
3.3890013728467300e-03
3.6850199907341279e-03
3.9679100613824311e-03
4.2323111552468422e-03
4.4729595328622850e-03
4.6848881254947083e-03
4.8636325049843014e-03
5.0054334483266199e-03
5.1074255542884681e-03
5.1677964312263252e-03
5.1858989439227711e-03
5.1623029948311651e-03
5.0987804500454113e-03
4.9982225805520015e-03
4.8644923245150266e-03
4.7022192213689402e-03
4.5165622144974276e-03
4.3130066645708466e-03
4.0973930421948652e-03
3.8768667853922543e-03
3.6642977652537332e-03
3.4956420658478838e-03
1.2078319588232076e-03
9.7065598690860319e-04
7.0395759002338546e-04
4.6118435657372346e-04
2.5439607649051021e-04
8.4618511488537094e-05
-4.9940995313210464e-05
-1.5163936113588396e-04
-2.2276041814156295e-04
-2.6532339122148124e-04
-2.8102208251670633e-04
-2.7120937904303444e-04
-2.3690580968323955e-04
-1.7882791453573905e-04
-9.7434009955619692e-05
7.0161564273632631e-06
1.3438950260041794e-04
2.8459742629671726e-04
4.5750743013214768e-04
6.5284756265473023e-04
8.7010671976090826e-04
1.1084412731885147e-03
1.3665854674264287e-03
1.6427663490331103e-03
1.9346370857095290e-03
2.2392321058458775e-03
2.5529418965455335e-03
2.8715167478930220e-03
3.1901094788469842e-03
3.5033570309575333e-03
3.8054993316609339e-03
4.0905372244490375e-03
4.3524272004037091e-03
4.5853036082756423e-03
4.7837171421993242e-03
4.9428783108483691e-03
5.0588910629273806e-03
5.1289577657424095e-03
5.1515368369347350e-03
5.1264376428516497e-03
5.0548417188837303e-03
4.9392453738803469e-03
