%Vec Object:P 1 MPI processes
%  type: seq
P = [
-5.2506064047817790e-02
-6.3153359287693514e-02
-6.7257035240315857e-02
-6.8725771150570381e-02
-6.9158474956518473e-02
-6.9204378253124310e-02
-6.9122618585375328e-02
-6.9012697490114600e-02
-6.8909604689946113e-02
-6.8823049836096203e-02
-6.8753475912982961e-02
-6.8698440364193342e-02
-6.8655020643608233e-02
-6.8620620662359494e-02
-6.8593157526271695e-02
-6.8571031240795915e-02
-6.8553036005248910e-02
-6.8538268396548321e-02
-6.8526049595150629e-02
-6.8515866096536066e-02
-6.8507326836868276e-02
-6.8500131956077598e-02
-6.8494049329207080e-02
-6.8488897171759544e-02
-6.8484531829247144e-02
-6.8480839312831290e-02
-6.8477729058680742e-02
-6.8475129079445016e-02
-6.8472982215711117e-02
-6.8471243318341299e-02
-6.8469877186084133e-02
-6.8468857099063238e-02
-6.8468163841525820e-02
-6.8467785143960389e-02
-6.8467715441795779e-02
-6.8467955827679783e-02
-6.8468514173091147e-02
-6.8469405535982866e-02
-6.8470652996249312e-02
-6.8472288973828080e-02
-6.8474357050438486e-02
-6.8476914445206816e-02
-6.8480035483134638e-02
-6.8483816508546735e-02
-6.8488382783474910e-02
-6.8493897688624031e-02
-6.8500573209448010e-02
-6.8508678460900127e-02
-6.8518557846186171e-02
-6.8532638374400018e-02
-6.3517095532294246e-02
-6.5569321602307717e-02
-6.7195598491345987e-02
-6.8137693647688707e-02
-6.8598379515505611e-02
-6.8784951729312455e-02
-6.8833004022099062e-02
-6.8818416528777654e-02
-6.8779927461739401e-02
-6.8735823607099261e-02
-6.8693924734706729e-02
-6.8657014866554469e-02
-6.8625607692650581e-02
-6.8599295810780350e-02
-6.8577378576102271e-02
-6.8559128720736093e-02
-6.8543894499177110e-02
-6.8531129203124527e-02
-6.8520387530485088e-02
-6.8511311320805138e-02
-6.8503614447114891e-02
-6.8497068535208580e-02
-6.8491490713882108e-02
-6.8486734370563129e-02
-6.8482681943524998e-02
-6.8479238669020545e-02
-6.8476327583337673e-02
-6.8473886191688441e-02
-6.8471864255869389e-02
-6.8470221945452964e-02
-6.8468928186886102e-02
-6.8467959365762651e-02
-6.8467298407643179e-02
-6.8466934175703723e-02
-6.8466861194858911e-02
-6.8467079711639914e-02
-6.8467595992744032e-02
-6.8468422737486739e-02
-6.8469579614427872e-02
-6.8471094090345727e-02
-6.8473002711563841e-02
-6.8475352881314414e-02
-6.8478205177303117e-02
-6.8481636379459004e-02
-6.8485743755947945e-02
-6.8490651871745176e-02
-6.8496523567376913e-02
-6.8503576944104125e-02
-6.8512125087722295e-02
-6.8524344281739369e-02
-6.6442774088226395e-02
-6.6919312200134431e-02
-6.7491847231339774e-02
-6.7957223820129586e-02
-6.8273223226937366e-02
-6.8463061707450229e-02
-6.8564622832915936e-02
-6.8610764262629714e-02
-6.8624787938526818e-02
-6.8621576249966273e-02
-6.8610001549295724e-02
-6.8595073743503140e-02
-6.8579471292378555e-02
-6.8564528647382314e-02
-6.8550837929848188e-02
-6.8538595796093837e-02
-6.8527797753687877e-02
-6.8518346391953186e-02
-6.8510109232508012e-02
-6.8502947804936182e-02
-6.8496731290327489e-02
-6.8491341615230447e-02
-6.8486674666319469e-02
-6.8482640694259050e-02
-6.8479164007709495e-02
-6.8476181233455044e-02
-6.8473639036201892e-02
-6.8471492593808220e-02
-6.8469704770918419e-02
-6.8468245304996359e-02
-6.8467089937319522e-02
-6.8466219800866021e-02
-6.8465621051802664e-02
-6.8465284511924726e-02
-6.8465205325072193e-02
-6.8465382845064121e-02
-6.8465820835677080e-02
-6.8466527816309602e-02
-6.8467517375829789e-02
-6.8468808492036376e-02
-6.8470425987680800e-02
-6.8472401011496001e-02
-6.8474771020822611e-02
-6.8477577818012156e-02
-6.8480859656266296e-02
-6.8484628414860221e-02
-6.8488825872609863e-02
-6.8493400417964284e-02
-6.8499896289158993e-02
-6.8509491670526626e-02
-6.7409535103296891e-02
-6.7551190764202684e-02
-6.7767202505435581e-02
-6.7986105041555195e-02
-6.8170921174920102e-02
-6.8309847484731887e-02
-6.8405718179002387e-02
-6.8467192204792054e-02
-6.8503656403596541e-02
-6.8523074470105055e-02
-6.8531443037420092e-02
-6.8532972141512827e-02
-6.8530483305119280e-02
-6.8525799488305145e-02
-6.8520064599791805e-02
-6.8513977169938178e-02
-6.8507948087370305e-02
-6.8502206685505829e-02
-6.8496871351459002e-02
-6.8491993655663705e-02
-6.8487585468383780e-02
-6.8483636226215269e-02
-6.8480123586023692e-02
-6.8477019686429622e-02
-6.8474295002131674e-02
-6.8471920750432846e-02
-6.8469870226817234e-02
-6.8468119444392739e-02
-6.8466647358724264e-02
-6.8465435833215696e-02
-6.8464469514322515e-02
-6.8463735768230671e-02
-6.8463224701835343e-02
-6.8462929190376665e-02
-6.8462844848270518e-02
-6.8462969951049474e-02
-6.8463305369553085e-02
-6.8463854579235012e-02
-6.8464623743748967e-02
-6.8465621822589709e-02
-6.8466860697122045e-02
-6.8468355284446711e-02
-6.8470123499889970e-02
-6.8472185217564527e-02
-6.8474554459517528e-02
-6.8477199011685419e-02
-6.8479882990214000e-02
-6.8481896256613620e-02
-6.8485167670978092e-02
-6.8490212021355454e-02
-6.7811519731505260e-02
-6.7864901824322907e-02
-6.7957049261714739e-02
-6.8063636528584173e-02
-6.8167818278480952e-02
-6.8258644338432456e-02
-6.8331592947112857e-02
-6.8386658857168200e-02
-6.8426154726002927e-02
-6.8453177193088882e-02
-6.8470749025839384e-02
-6.8481447168226753e-02
-6.8487309499510485e-02
-6.8489868538621712e-02
-6.8490237517967179e-02
-6.8489206353971918e-02
-6.8487324891207582e-02
-6.8484969601341913e-02
-6.8482394343169342e-02
-6.8479766713937448e-02
-6.8477194545512113e-02
-6.8474745752247004e-02
-6.8472461875254895e-02
-6.8470366413792449e-02
-6.8468470409744020e-02
-6.8466776836827420e-02
-6.8465283912096386e-02
-6.8463987222517925e-02
-6.8462881001298784e-02
-6.8461958983420404e-02
-6.8461214972604212e-02
-6.8460643109841998e-02
-6.8460237987591557e-02
-6.8459994824673923e-02
-6.8459909708877650e-02
-6.8459979698274206e-02
-6.8460202642137202e-02
-6.8460576852057475e-02
-6.8461100842625938e-02
-6.8461773131442263e-02
-6.8462591938252770e-02
-6.8463554601025517e-02
-6.8464656297391457e-02
-6.8465886897010206e-02
-6.8467218783814787e-02
-6.8468554474202470e-02
-6.8469536283284851e-02
-6.8469211598353244e-02
-6.8469457800975839e-02
-6.8470158180165955e-02
-6.8012788584444026e-02
-6.8037129124804488e-02
-6.8081546316402577e-02
-6.8136621279754575e-02
-6.8196126268014509e-02
-6.8253690256497634e-02
-6.8304994807494260e-02
-6.8348036209012128e-02
-6.8382501352124619e-02
-6.8409075038029996e-02
-6.8428902237316291e-02
-6.8443240274493389e-02
-6.8453271879615890e-02
-6.8460018768825445e-02
-6.8464316046303139e-02
-6.8466822824525986e-02
-6.8468047366170612e-02
-6.8468374504111015e-02
-6.8468091165605816e-02
-6.8467408380473896e-02
-6.8466479614581535e-02
-6.8465415671730534e-02
-6.8464296089055340e-02
-6.8463177394680302e-02
-6.8462099121113298e-02
-6.8461088360298655e-02
-6.8460163243740560e-02
-6.8459335479976055e-02
-6.8458612148219480e-02
-6.8457997041227570e-02
-6.8457491694190811e-02
-6.8457096060528383e-02
-6.8456808867521077e-02
-6.8456627820391303e-02
-6.8456549762777610e-02
-6.8456570732592842e-02
-6.8456685795026104e-02
-6.8456888646475741e-02
-6.8457171114739687e-02
-6.8457522561389178e-02
-6.8457929008657617e-02
-6.8458371868767062e-02
-6.8458825668044163e-02
-6.8459253077923762e-02
-6.8459590171633597e-02
-6.8459689843680269e-02
-6.8459126074671736e-02
-6.8456855777067629e-02
-6.8454692968606359e-02
-6.8452047440746150e-02
-6.8127602917038219e-02
-6.8140444591080804e-02
-6.8164209511346413e-02
-6.8194392025977532e-02
-6.8229440213642786e-02
-6.8266062550757955e-02
-6.8301283218817233e-02
-6.8333154030024365e-02
-6.8360700510889286e-02
-6.8383672496849762e-02
-6.8402283290349433e-02
-6.8416995235285494e-02
-6.8428373373554202e-02
-6.8436993139872629e-02
-6.8443386768835254e-02
-6.8448019311193486e-02
-6.8451282303760380e-02
-6.8453496131489669e-02
-6.8454917650461564e-02
-6.8455750315779398e-02
-6.8456153778181900e-02
-6.8456251747367441e-02
-6.8456138853104059e-02
-6.8455887067203194e-02
-6.8455551095683617e-02
-6.8455172303264991e-02
-6.8454781608285345e-02
-6.8454401824799477e-02
-6.8454049481641133e-02
-6.8453736118377934e-02
-6.8453469272764453e-02
