%Vec Object:U 1 MPI processes
%  type: seq
U = [
1.0000000000000000e+00
1.0079420560773422e+00
1.0083856180340598e+00
1.0079403831375133e+00
1.0073258666597067e+00
1.0067597843685505e+00
1.0062886397249569e+00
1.0059066629868276e+00
1.0055962411965220e+00
1.0053403781580037e+00
1.0051256126353467e+00
1.0049419920002902e+00
1.0047823259950319e+00
1.0046414337386769e+00
1.0045155499733105e+00
1.0044018973742426e+00
1.0042983913737114e+00
1.0042034383069085e+00
1.0041157963793035e+00
1.0040344802178873e+00
1.0039586954040549e+00
1.0038877925467735e+00
1.0038212338473271e+00
1.0037585684072308e+00
1.0036994142315798e+00
1.0036434450360796e+00
1.0035903802100303e+00
1.0035399769831843e+00
1.0034920242804564e+00
1.0034463378693630e+00
1.0034027565041368e+00
1.0033611388658232e+00
1.0033213611657978e+00
1.0032833153339640e+00
1.0032469077060944e+00
1.0032120580848944e+00
1.0031786990887761e+00
1.0031467758182528e+00
1.0031162459389584e+00
1.0030870802507099e+00
1.0030592637699762e+00
1.0030327974191240e+00
1.0030077005765059e+00
1.0029840148664169e+00
1.0029618097877344e+00
1.0029411912447246e+00
1.0029223147280182e+00
1.0029054068918475e+00
1.0028908021201985e+00
1.0028778937929226e+00
1.0000000000000000e+00
1.0000000000000000e+00
1.0079420560773422e+00
1.0083856180340598e+00
1.0079403831375133e+00
1.0073258666597067e+00
1.0067597843685505e+00
1.0062886397249569e+00
1.0059066629868276e+00
1.0055962411965220e+00
1.0053403781580037e+00
1.0051256126353467e+00
1.0049419920002902e+00
1.0047823259950319e+00
1.0046414337386769e+00
1.0045155499733105e+00
1.0044018973742426e+00
1.0042983913737114e+00
1.0042034383069085e+00
1.0041157963793035e+00
1.0040344802178873e+00
1.0039586954040549e+00
1.0038877925467735e+00
1.0038212338473271e+00
1.0037585684072308e+00
1.0036994142315798e+00
1.0036434450360796e+00
1.0035903802100303e+00
1.0035399769831843e+00
1.0034920242804564e+00
1.0034463378693630e+00
1.0034027565041368e+00
1.0033611388658232e+00
1.0033213611657978e+00
1.0032833153339640e+00
1.0032469077060944e+00
1.0032120580848944e+00
1.0031786990887761e+00
1.0031467758182528e+00
1.0031162459389584e+00
1.0030870802507099e+00
1.0030592637699762e+00
1.0030327974191240e+00
1.0030077005765059e+00
1.0029840148664169e+00
1.0029618097877344e+00
1.0029411912447246e+00
1.0029223147280182e+00
1.0029054068918475e+00
1.0028908021201985e+00
1.0028778937929226e+00
1.0028778937929226e+00
1.0000000000000000e+00
1.0023236752844757e+00
1.0038988830850819e+00
1.0046792039194603e+00
1.0049596374333831e+00
1.0049820625917618e+00
1.0048893946858755e+00
1.0047551566081510e+00
1.0046135317137506e+00
1.0044786482703409e+00
1.0043551636814132e+00
1.0042436307953779e+00
1.0041430337172756e+00
1.0040519192624988e+00
1.0039688630941279e+00
1.0038926245800992e+00
1.0038221754111338e+00
1.0037566826128379e+00
1.0036954753379050e+00
1.0036380115501986e+00
1.0035838507539252e+00
1.0035326318063384e+00
1.0034840552305679e+00
1.0034378702540176e+00
1.0033938652653618e+00
1.0033518600512723e+00
1.0033116995457392e+00
1.0032732493353096e+00
1.0032363924944652e+00
1.0032010270752378e+00
1.0031670640246486e+00
1.0031344255764418e+00
1.0031030440491744e+00
1.0030728609204023e+00
1.0030438261636287e+00
1.0030158978998607e+00
1.0029890423433170e+00
1.0029632339519430e+00
1.0029384557435312e+00
1.0029146998648568e+00
1.0028919685451632e+00
1.0028702754904748e+00
1.0028496477993369e+00
1.0028301286320245e+00
1.0028117813674107e+00
1.0027946981775884e+00
1.0027790220299913e+00
1.0027650093347986e+00
1.0027531893977992e+00
1.0027425825164047e+00
1.0027425825164047e+00
1.0000000000000000e+00
1.0005978049230353e+00
1.0013829284831237e+00
1.0020502931422204e+00
1.0025227711628444e+00
1.0028243264010663e+00
1.0030023241057902e+00
1.0030992656433424e+00
1.0031459943355618e+00
1.0031627466146800e+00
1.0031620489930864e+00
1.0031513846610940e+00
1.0031351227000085e+00
1.0031157764276246e+00
1.0030947824038612e+00
1.0030729601729971e+00
1.0030507775282924e+00
1.0030285039164737e+00
1.0030062974737239e+00
1.0029842535249658e+00
1.0029624319530919e+00
1.0029408721447510e+00
1.0029196008956454e+00
1.0028986374220941e+00
1.0028779968111001e+00
1.0028576916263865e+00
1.0028377323497404e+00
1.0028181278595185e+00
1.0027988861142028e+00
1.0027800145753156e+00
1.0027615203677454e+00
1.0027434105322397e+00
1.0027256924440462e+00
1.0027083741982294e+00
1.0026914648925822e+00
1.0026749749509412e+00
1.0026589166037709e+00
1.0026433044778456e+00
1.0026281561816985e+00
1.0026134928853219e+00
1.0025993400040012e+00
1.0025857279644141e+00
1.0025726928621661e+00
1.0025602766897164e+00
1.0025485262194074e+00
1.0025374890616532e+00
1.0025271995008618e+00
1.0025175980837537e+00
1.0025079964504005e+00
1.0024992603157397e+00
1.0024992603157397e+00
1.0000000000000000e+00
1.0001669525340693e+00
1.0004735849660555e+00
1.0008176453751467e+00
1.0011325142841612e+00
1.0013929703884714e+00
1.0015965211852260e+00
1.0017508875148231e+00
1.0018665370107664e+00
1.0019532051652174e+00
1.0020187082394130e+00
1.0020688725036468e+00
1.0021078714870755e+00
1.0021386304947442e+00
1.0021631860889271e+00
1.0021829629766092e+00
1.0021989683347212e+00
1.0022119263389739e+00
1.0022223705338356e+00
1.0022307044070595e+00
1.0022372409092657e+00
1.0022422292195390e+00
1.0022458726998305e+00
1.0022483407418779e+00
1.0022497769438199e+00
1.0022503049476332e+00
1.0022500326040804e+00
1.0022490550442447e+00
1.0022474570167950e+00
1.0022453146336254e+00
1.0022426966853133e+00
1.0022396657275090e+00
1.0022362790552404e+00
1.0022325895806279e+00
1.0022286466006041e+00
1.0022244964561455e+00
1.0022201831056374e+00
1.0022157486609176e+00
1.0022112339192444e+00
1.0022066788668837e+00
1.0022021231728535e+00
1.0021976067215523e+00
1.0021931702854059e+00
1.0021888573654112e+00
1.0021847204258523e+00
1.0021808432554951e+00
1.0021774083914041e+00
1.0021747296792485e+00
1.0021712774286846e+00
1.0021677218348481e+00
1.0021677218348481e+00
1.0000000000000000e+00
1.0000561797931524e+00
1.0001773915417052e+00
1.0003364289603009e+00
1.0005046280869674e+00
1.0006648359314527e+00
1.0008080737992751e+00
1.0009315102982086e+00
1.0010359259774972e+00
1.0011237436555702e+00
1.0011978119028986e+00
1.0012607943341489e+00
1.0013149377460158e+00
1.0013620300277710e+00
1.0014034479513694e+00
1.0014402360329986e+00
1.0014731828367887e+00
1.0015028858710326e+00
1.0015298032383047e+00
1.0015542913608448e+00
1.0015766323942390e+00
1.0015970549592987e+00
1.0016157489174491e+00
1.0016328750460728e+00
1.0016485716831764e+00
1.0016629598012214e+00
1.0016761468376632e+00
1.0016882293643927e+00
1.0016992949488579e+00
1.0017094236052397e+00
1.0017186889676692e+00
1.0017271591408046e+00
1.0017348972872500e+00
1.0017419621359549e+00
1.0017484085057666e+00
1.0017542877559473e+00
1.0017596480361373e+00
1.0017645343620860e+00
1.0017689886747667e+00
1.0017730498997417e+00
1.0017767539064906e+00
1.0017801333849641e+00
1.0017832175314583e+00
1.0017860323346490e+00
1.0017886046200764e+00
1.0017909804685230e+00
1.0017932904899776e+00
1.0017958036950563e+00
1.0017969438134828e+00
1.0017974933606892e+00
1.0017974933606892e+00
1.0000000000000000e+00
1.0000230132682875e+00
1.0000762988398946e+00
1.0001522906844800e+00
1.0002391253778704e+00
1.0003290798120055e+00
1.0004163068367209e+00
1.0004973549803300e+00
1.0005707766200680e+00
1.0006364529664915e+00
1.0006949904089331e+00
1.0007472941794815e+00
1.0007943198253624e+00
1.0008369438176379e+00
1.0008759092747703e+00
1.0009118185436630e+00
1.0009451472330184e+00
1.0009762649607954e+00
1.0010054569937967e+00
1.0010329435904917e+00
1.0010588960475018e+00
1.0010834496474756e+00
1.0011067135258651e+00
1.0011287777940658e+00
1.0011497186626868e+00
1.0011696022011578e+00
1.0011884870911225e+00
1.0012064265282037e+00
1.0012234694523861e+00
1.0012396613961887e+00
1.0012550451379394e+00
1.0012696611488476e+00
1.0012835478123974e+00
1.0012967415050857e+00
1.0013092766278193e+00
1.0013211855786908e+00
1.0013324985964049e+00
1.0013432434291940e+00
1.0013534448978954e+00
