%Vec Object:U 1 MPI processes
%  type: seq
U = [
0.0000000000000000e+00
-4.1418265674953983e-05
-8.6232551663881769e-05
-8.9124514448439763e-05
-3.5291565859720468e-05
7.7618620277868905e-05
2.4543246826003249e-04
4.6094234913835060e-04
7.1584620430376338e-04
1.0017743549971020e-03
1.3107918601165610e-03
1.6356027317750424e-03
1.9695925739208271e-03
2.3067867559945989e-03
2.6417676622619924e-03
2.9695772393298963e-03
3.2856208803858293e-03
3.5855828046143295e-03
3.8653605993008485e-03
4.1210234061988824e-03
4.3487942422163516e-03
4.5450562230163012e-03
4.7063836882393420e-03
4.8295987531784762e-03
4.9118496685913501e-03
4.9507033074881182e-03
4.9442480264012328e-03
4.8912080395623727e-03
4.7910629815214401e-03
4.6441580047748539e-03
4.4517963771004672e-03
4.2163149561518457e-03
3.9411375041165028e-03
3.6307935835495561e-03
3.2908961753432605e-03
2.9280799735019597e-03
2.5499016364529132e-03
2.1646989961314014e-03
1.7814092985230304e-03
1.4093532026044878e-03
1.0579906448543986e-03
7.3664629329719012e-04
4.5419355752562569e-04
2.1867599090840466e-04
3.6820037442643837e-05
-8.6658660152640475e-05
-1.5013052035692676e-04
-1.5677179917141158e-04
-1.1723029824159262e-04
-5.3221544310979980e-05
0.0000000000000000e+00
0.0000000000000000e+00
4.1418265674953983e-05
8.6232551663881769e-05
8.9124514448439763e-05
3.5291565859720468e-05
-7.7618620277868905e-05
-2.4543246826003249e-04
-4.6094234913835060e-04
-7.1584620430376338e-04
-1.0017743549971020e-03
-1.3107918601165610e-03
-1.6356027317750424e-03
-1.9695925739208271e-03
-2.3067867559945989e-03
-2.6417676622619924e-03
-2.9695772393298963e-03
-3.2856208803858293e-03
-3.5855828046143295e-03
-3.8653605993008485e-03
-4.1210234061988824e-03
-4.3487942422163516e-03
-4.5450562230163012e-03
-4.7063836882393420e-03
-4.8295987531784762e-03
-4.9118496685913501e-03
-4.9507033074881182e-03
-4.9442480264012328e-03
-4.8912080395623727e-03
-4.7910629815214401e-03
-4.6441580047748539e-03
-4.4517963771004672e-03
-4.2163149561518457e-03
-3.9411375041165028e-03
-3.6307935835495561e-03
-3.2908961753432605e-03
-2.9280799735019597e-03
-2.5499016364529132e-03
-2.1646989961314014e-03
-1.7814092985230304e-03
-1.4093532026044878e-03
-1.0579906448543986e-03
-7.3664629329719012e-04
-4.5419355752562569e-04
-2.1867599090840466e-04
-3.6820037442643837e-05
8.6658660152640475e-05
1.5013052035692676e-04
1.5677179917141158e-04
1.1723029824159262e-04
5.3221544310979980e-05
0.0000000000000000e+00
0.0000000000000000e+00
7.1418353779495458e-07
-7.8138315490440823e-05
-2.8108350853841028e-04
-6.2890574990997128e-04
-1.1254718116207891e-03
-1.7633243580249258e-03
-2.5279449267946300e-03
-3.4008396627916372e-03
-4.3616670456593900e-03
-5.3896261907986649e-03
-6.4642991332520298e-03
-7.5661123192171092e-03
-8.6765451617048933e-03
-9.7781753926495900e-03
-1.0854628351036955e-02
-1.1890481434361694e-02
-1.2871162460583984e-02
-1.3782868059934124e-02
-1.4612519325662127e-02
-1.5347765785196725e-02
-1.5977043094172517e-02
-1.6489685079143751e-02
-1.6876089097100828e-02
-1.7127931028437779e-02
-1.7238418292411222e-02
-1.7202566090572417e-02
-1.7017486043186696e-02
-1.6682673624735710e-02
-1.6200273074935857e-02
-1.5575299214453669e-02
-1.4815801068904146e-02
-1.3932952148563212e-02
-1.2941050810316174e-02
-1.1857418068513767e-02
-1.0702185240145623e-02
-9.4979654871719926e-03
-8.2694058707051404e-03
-7.0426228058802489e-03
-5.8445280600509190e-03
-4.7020491305779320e-03
-3.6412397769723950e-03
-2.6862688353362749e-03
-1.8582662345605146e-03
-1.1739870058844169e-03
-6.4422643729380947e-04
-2.7189875806657676e-04
-4.9705805745875483e-05
4.2603480908064014e-05
4.1163079618136328e-05
0.0000000000000000e+00
0.0000000000000000e+00
-8.8468850001474934e-05
-3.5466682600051989e-04
-8.3070771306248826e-04
-1.5248311982133216e-03
-2.4314205145663497e-03
-3.5354215085001443e-03
-4.8152783000775098e-03
-6.2452525116209424e-03
-7.7972608685012209e-03
-9.4422574665452442e-03
-1.1151207568173664e-02
-1.2895721583628320e-02
-1.4648425383911928e-02
-1.6383139159652064e-02
-1.8074929468474710e-02
-1.9700090686206082e-02
-2.1236103010587270e-02
-2.2661602750695991e-02
-2.3956388378879465e-02
-2.5101477589692757e-02
-2.6079225577693245e-02
-2.6873509344215583e-02
-2.7469978916072130e-02
-2.7856368634969909e-02
-2.8022849651452426e-02
-2.7962406731384341e-02
-2.7671230661763298e-02
-2.7149106424180242e-02
-2.6399762655750655e-02
-2.5431155383004535e-02
-2.4255671652455887e-02
-2.2890234078601319e-02
-2.1356278950633259e-02
-1.9679586591981647e-02
-1.7889954317619101e-02
-1.6020705436252166e-02
-1.4108027151364673e-02
-1.2190136250863671e-02
-1.0306281051396686e-02
-8.4955920024876695e-03
-6.7957912755033491e-03
-5.2417696912346280e-03
-3.8640403068208422e-03
-2.6870821536636252e-03
-1.7275966919909817e-03
-9.9271131436800782e-04
-4.7816537205877313e-04
-1.6645599498575024e-04
-2.4607510772778500e-05
0.0000000000000000e+00
0.0000000000000000e+00
-1.8221477126595452e-04
-6.4710331904816267e-04
-1.4118305772734055e-03
-2.4661794953493733e-03
-3.7892500349612250e-03
-5.3541996400484600e-03
-7.1301918117553783e-03
-9.0837265816216973e-03
-1.1179765792804929e-02
-1.3382676604023114e-02
-1.5656971999726214e-02
-1.7967847432878898e-02
-2.0281530646784941e-02
-2.2565480454065995e-02
-2.4788478817931052e-02
-2.6920662723335612e-02
-2.8933534491109619e-02
-3.0799981623660020e-02
-3.2494331692677771e-02
-3.3992462742706529e-02
-3.5271980559687471e-02
-3.6312462797411064e-02
-3.7095770711833870e-02
-3.7606428121923566e-02
-3.7832048938275534e-02
-3.7763789696113916e-02
-3.7396814449416511e-02
-3.6730752958309631e-02
-3.5770118391224813e-02
-3.4524653921905582e-02
-3.3009585901035469e-02
-3.1245757096371167e-02
-2.9259609091782761e-02
-2.7082990089107431e-02
-2.4752773015139583e-02
-2.2310270917789751e-02
-1.9800440054420252e-02
-1.7270871619271527e-02
-1.4770583932935729e-02
-1.2348633120475169e-02
-1.0052567871721971e-02
-7.9267673780012045e-03
-6.0107146395474110e-03
-4.3372666559505085e-03
-2.9309983550759849e-03
-1.8067137958761219e-03
-9.6818118967056303e-04
-4.0690313323989282e-04
-9.9715964416443139e-05
0.0000000000000000e+00
0.0000000000000000e+00
-2.6909195319605871e-04
-9.2482909657225503e-04
-1.9716174159884565e-03
-3.3802877014310548e-03
-5.1127574302533485e-03
-7.1282000370514603e-03
-9.3846867493824621e-03
-1.1839838693596826e-02
-1.4451299096890510e-02
-1.7177159118414602e-02
-1.9976325630309367e-02
-2.2808804707813195e-02
-2.5635890061517549e-02
-2.8420267378989235e-02
-3.1126058496553644e-02
-3.3718834059345497e-02
-3.6165623483259052e-02
-3.8434948061168643e-02
-4.0496897421435946e-02
-4.2323267669363507e-02
-4.3887773645497612e-02
-4.5166333588571340e-02
-4.6137426473085982e-02
-4.6782522706640906e-02
-4.7086567999628313e-02
-4.7038499272586944e-02
-4.6631784705898981e-02
-4.5864966473746778e-02
-4.4742165467327476e-02
-4.3273514242204762e-02
-4.1475495254913994e-02
-3.9371153874847686e-02
-3.6990147399043334e-02
-3.4368598044364047e-02
-3.1548727892997327e-02
-2.8578256760925513e-02
-2.5509548125827491e-02
-2.2398501064700631e-02
-1.9303202023590999e-02
-1.6282363249614736e-02
-1.3393588882902770e-02
-1.0691530318018982e-02
-8.2260150211436785e-03
-6.0402482539948527e-03
-4.1691941166195753e-03
-2.6382359163002519e-03
-1.4621273472740380e-03
-6.4379301097120358e-04
-1.7073962310724136e-04
0.0000000000000000e+00
0.0000000000000000e+00
-3.4814465640927572e-04
-1.1825261960719785e-03
-2.4977146018118285e-03
-4.2470830412567745e-03
-6.3755566445276553e-03
-8.8277594263126754e-03
-1.1549849014743246e-02
-1.4489839016768631e-02
-1.7597618257463383e-02
-2.0824937217787515e-02
-2.4125399684829105e-02
-2.7454442515550587e-02
-3.0769288950574618e-02
-3.4028877541342449e-02
-3.7193782614055176e-02
-4.0226141317996789e-02
-4.3089603975409452e-02
-4.5749327498416453e-02
-4.8172028770628865e-02
-5.0326115881262366e-02
-5.2181906877131125e-02
-5.3711926134806832e-02
-5.4891281279378874e-02
-5.5698130745389686e-02
-5.6114222643229912e-02
-5.6125481815195964e-02
-5.5722637004363987e-02
