%Vec Object:V 1 MPI processes
%  type: seq
V = [
1.0000000000000000e+00
0.0000000000000000e+00
0.0000000000000000e+00
0.0000000000000000e+00
0.0000000000000000e+00
0.0000000000000000e+00
0.0000000000000000e+00
0.0000000000000000e+00
0.0000000000000000e+00
0.0000000000000000e+00
0.0000000000000000e+00
0.0000000000000000e+00
0.0000000000000000e+00
0.0000000000000000e+00
0.0000000000000000e+00
0.0000000000000000e+00
0.0000000000000000e+00
0.0000000000000000e+00
0.0000000000000000e+00
0.0000000000000000e+00
0.0000000000000000e+00
0.0000000000000000e+00
0.0000000000000000e+00
0.0000000000000000e+00
0.0000000000000000e+00
0.0000000000000000e+00
0.0000000000000000e+00
0.0000000000000000e+00
0.0000000000000000e+00
0.0000000000000000e+00
0.0000000000000000e+00
0.0000000000000000e+00
0.0000000000000000e+00
0.0000000000000000e+00
0.0000000000000000e+00
0.0000000000000000e+00
0.0000000000000000e+00
0.0000000000000000e+00
0.0000000000000000e+00
0.0000000000000000e+00
0.0000000000000000e+00
0.0000000000000000e+00
0.0000000000000000e+00
0.0000000000000000e+00
0.0000000000000000e+00
0.0000000000000000e+00
0.0000000000000000e+00
0.0000000000000000e+00
0.0000000000000000e+00
0.0000000000000000e+00
0.0000000000000000e+00
1.0000000000000000e+00
-4.3427843054193484e-03
4.3427843054193484e-03
3.9894828502566133e-03
2.9565432162815945e-03
2.0640927552071442e-03
1.4339124397166442e-03
1.0174904100030832e-03
7.4700023993301719e-04
5.6997437647974256e-04
4.5156928959504529e-04
3.6996594442225095e-04
3.1178986999882594e-04
2.6886197822409722e-04
2.3613215586258926e-04
2.1042720310159797e-04
1.8971017710195867e-04
1.7264040975682876e-04
1.5831089243124042e-04
1.4609129400934356e-04
1.3553218872826094e-04
1.2630524822195333e-04
1.1816512742315954e-04
1.1092425555033570e-04
1.0443605517318667e-04
9.8584224451506036e-05
9.3275603495776495e-05
8.8434600206132165e-05
8.3998660502022899e-05
7.9915042134830221e-05
7.6138765522743688e-05
7.2631198773823318e-05
6.9358879763722900e-05
6.6292480435429390e-05
6.3405890015251473e-05
6.0675355031296135e-05
5.8078673107452278e-05
5.5594521159092163e-05
5.3201939241881137e-05
5.0879832748114903e-05
4.8606299546542791e-05
4.6357704604563873e-05
4.4107530954466621e-05
4.1824951038233820e-05
3.9472875708186579e-05
3.7005071099870351e-05
3.4361810654732434e-05
3.1463413224363568e-05
2.8198915821775089e-05
2.4388945026830628e-05
1.9938146949461739e-05
1.4220075359040474e-05
1.4220075359040474e-05
-1.1854981856484401e-03
1.1854981856484401e-03
2.0389679991110539e-03
2.1189351934969508e-03
1.8756152007301744e-03
1.5545104266843849e-03
1.2581123305710168e-03
1.0165618728061312e-03
8.2994288701325393e-04
6.8869202926529025e-04
5.8203465231240216e-04
5.0082654997869746e-04
4.3808979957594383e-04
3.8875516265531138e-04
3.4922055772064296e-04
3.1694386779340721e-04
2.9012776285313184e-04
2.6749088257011617e-04
2.4810775962077347e-04
2.3130035385516924e-04
2.1656469087589868e-04
2.0352032344454966e-04
1.9187518214106977e-04
1.8140112226215857e-04
1.7191704118668311e-04
1.6327726427780000e-04
1.5536325926913388e-04
1.4807736411685305e-04
1.4133795935605259e-04
1.3507580989457471e-04
1.2923127375757978e-04
1.2375214439008911e-04
1.1859202306581142e-04
1.1370909077333456e-04
1.0906504646368336e-04
1.0462402045826657e-04
1.0035144402711018e-04
9.6212956150540924e-05
9.2173359672416240e-05
8.8195502100789838e-05
8.4238904322678118e-05
8.0258004300445270e-05
7.6199850746084887e-05
7.2000877600984317e-05
6.7581864932974420e-05
6.2838484184947612e-05
5.7619312216389520e-05
5.1661784540612765e-05
4.4364767659159585e-05
3.6294156053023085e-05
2.6370444353292836e-05
2.6370444353292836e-05
-3.7973696782411093e-04
3.7973696782411093e-04
8.6589801933551337e-04
1.1022619314028218e-03
1.1498249184843286e-03
1.0902184473008331e-03
9.8441654007873488e-04
8.6834260844453632e-04
7.5960928409036458e-04
6.6493773875853199e-04
5.8544650477842608e-04
5.1978969793018391e-04
4.6580834389525739e-04
4.2130675741694354e-04
3.8435773295980379e-04
3.5338067963008385e-04
3.2712509579244971e-04
3.0461949818077328e-04
2.8511429836032602e-04
2.6803166982234024e-04
2.5292469799796419e-04
2.3944517117556143e-04
2.2731963047431235e-04
2.1633180444488785e-04
2.0630886846765217e-04
1.9711058671943504e-04
1.8862149829592856e-04
1.8074561944242645e-04
1.7340246769224555e-04
1.6652368806019708e-04
1.6005024775784510e-04
1.5393022812956915e-04
1.4811704277937587e-04
1.4256794684612502e-04
1.3724283188872998e-04
1.3210324351640225e-04
1.2711141477014936e-04
1.2222912854306162e-04
1.1741640760190262e-04
1.1263013553062954e-04
1.0782260271073856e-04
1.0293985100189598e-04
9.7919727506797733e-05
9.2689739766555596e-05
8.7165303453407879e-05
8.1249117995743324e-05
7.4827857647324111e-05
6.7717679236534167e-05
5.9159728298890631e-05
4.9016338970952252e-05
3.5694180699646063e-05
3.5694180699646063e-05
-1.5287849495340447e-04
1.5287849495340447e-04
3.8832368726763401e-04
5.5209154404340527e-04
6.3884560954879715e-04
6.6461035706642899e-04
6.5043956852285873e-04
6.1429881864218398e-04
5.6878453747519523e-04
5.2160605214336133e-04
4.7690158841826095e-04
4.3652036905145647e-04
4.0098480902873328e-04
3.7012568846975019e-04
3.4346523155464020e-04
3.2042797376906096e-04
3.0044755771560381e-04
2.8301542926492050e-04
2.6769706429227122e-04
2.5413092677213357e-04
2.4202004105205720e-04
2.3112189830978039e-04
2.2123919018549122e-04
2.1221173125279943e-04
2.0390918982563137e-04
1.9622465856003121e-04
1.8906946321580603e-04
1.8236925759686071e-04
1.7606101040435731e-04
1.7009056248945195e-04
1.6441068025283803e-04
1.5897950104134273e-04
1.5375914447616264e-04
1.4871436902081422e-04
1.4381135928589125e-04
1.3901673581058135e-04
1.3429669022047567e-04
1.2961602312789490e-04
1.2493695601003996e-04
1.2021776899838822e-04
1.1541131844880442e-04
1.1046334904275949e-04
1.0531045190184550e-04
9.9877399561731824e-05
9.4073614463818523e-05
8.7788333894459479e-05
8.0881864207474043e-05
7.3159427447871717e-05
6.4216168545424860e-05
5.3755476124218091e-05
4.0129051630117663e-05
4.0129051630117663e-05
-7.4986200444131782e-05
7.4986200444131782e-05
1.9644511662900789e-04
2.9461482649159203e-04
3.6187421062287747e-04
3.9931425420535615e-04
4.1273341224072201e-04
4.0921754421824677e-04
3.9515936940980983e-04
3.7548467277622377e-04
3.5359354504165821e-04
3.3162223339590146e-04
3.1077979626924278e-04
2.9165183122549938e-04
2.7443656469787025e-04
2.5910897055707788e-04
2.4552747598086328e-04
2.3350069982572708e-04
2.2282608392387444e-04
2.1331005647350876e-04
2.0477768976147020e-04
1.9707620809541885e-04
1.9007461232715489e-04
1.8366157588510664e-04
1.7774313410749072e-04
1.7224041863933827e-04
1.6708725344686799e-04
1.6222775526636497e-04
1.5761420900702820e-04
1.5320529048814386e-04
1.4896458479885254e-04
1.4485937022308548e-04
1.4085962646183446e-04
1.3693715567993897e-04
1.3306469266822298e-04
1.2921496316203770e-04
1.2535974046889799e-04
1.2146894155783044e-04
1.1750969445695756e-04
1.1344526350267034e-04
1.0923376546267644e-04
1.0482658455045412e-04
1.0016646193097416e-04
9.5185143823723158e-05
8.9800105733697636e-05
8.3910191691549571e-05
7.7389198731905173e-05
7.0075521025986972e-05
6.1738514456042298e-05
5.2174607428184580e-05
4.0129034403156344e-05
4.0129034403156344e-05
-4.2285640724952484e-05
4.2285640724952484e-05
1.1157384014482378e-04
1.7163699139338616e-04
2.1801838075952864e-04
2.4951141635879667e-04
2.6736821544372057e-04
2.7415854699290300e-04
2.7281525847672080e-04
2.6604315785985896e-04
2.5604321286911683e-04
2.4445288558872451e-04
2.3240109659994823e-04
2.2060753652041596e-04
2.0948917264804491e-04
1.9925362202170404e-04
1.8997165395848555e-04
1.8162966804377838e-04
1.7416575058776571e-04
1.6749374040859634e-04
1.6151918960192200e-04
1.5614912752571691e-04
1.5129675866049931e-04
1.4688308101759012e-04
1.4283743424362415e-04
1.3909765437056747e-04
1.3560966024884284e-04
1.3232653524233794e-04
1.2920747563812564e-04
1.2621678272846051e-04
1.2332282818414492e-04
1.2049700541366001e-04
1.1771283946671474e-04
