%Vec Object:V 1 MPI processes
%  type: seq
V = [
0.0000000000000000e+00
0.0000000000000000e+00
0.0000000000000000e+00
0.0000000000000000e+00
0.0000000000000000e+00
0.0000000000000000e+00
0.0000000000000000e+00
0.0000000000000000e+00
0.0000000000000000e+00
0.0000000000000000e+00
0.0000000000000000e+00
0.0000000000000000e+00
0.0000000000000000e+00
0.0000000000000000e+00
0.0000000000000000e+00
0.0000000000000000e+00
0.0000000000000000e+00
0.0000000000000000e+00
0.0000000000000000e+00
0.0000000000000000e+00
0.0000000000000000e+00
0.0000000000000000e+00
0.0000000000000000e+00
0.0000000000000000e+00
0.0000000000000000e+00
0.0000000000000000e+00
0.0000000000000000e+00
0.0000000000000000e+00
0.0000000000000000e+00
0.0000000000000000e+00
0.0000000000000000e+00
0.0000000000000000e+00
0.0000000000000000e+00
0.0000000000000000e+00
0.0000000000000000e+00
0.0000000000000000e+00
0.0000000000000000e+00
0.0000000000000000e+00
0.0000000000000000e+00
0.0000000000000000e+00
0.0000000000000000e+00
0.0000000000000000e+00
0.0000000000000000e+00
0.0000000000000000e+00
0.0000000000000000e+00
0.0000000000000000e+00
0.0000000000000000e+00
0.0000000000000000e+00
0.0000000000000000e+00
0.0000000000000000e+00
0.0000000000000000e+00
0.0000000000000000e+00
8.0864584641710590e-05
-8.0864584641710590e-05
-7.8441971377025206e-05
1.8825044384794380e-06
1.1417047581559989e-04
2.3240464446189397e-04
3.4293432238240482e-04
4.3932391438559565e-04
5.1916181187167880e-04
5.8217662095857959e-04
6.2915519472909402e-04
6.6133252616760432e-04
6.8005436904668474e-04
6.8659763926991755e-04
6.8208211028544634e-04
6.6743671715634460e-04
6.4340028406708921e-04
6.1054448233356477e-04
5.6931029090230589e-04
5.2005272471368079e-04
4.6309074123976118e-04
3.9875885777389459e-04
3.2745705559403211e-04
2.4969750583792434e-04
1.6614752629509459e-04
7.7665911983145451e-05
-1.4671816673331731e-05
-1.0956099675881785e-04
-2.0546669490540507e-04
-3.0063381816280754e-04
-3.9311186996460933e-04
-4.8079638456371125e-04
-5.6148415193417889e-04
-6.3293814187028027e-04
-6.9296110194666906e-04
-7.3947752705065073e-04
-7.7061998845453735e-04
-7.8481313225767181e-04
-7.8085075244423163e-04
-7.5796535120755651e-04
-7.1589233630594054e-04
-6.5493474865230261e-04
-5.7604380436059326e-04
-4.8094751924635405e-04
-3.7238493704294526e-04
-2.5454043470447699e-04
-1.3382424563642515e-04
-2.0200703475890438e-05
7.0730115002980875e-05
1.1491559834437137e-04
7.7246758131362103e-05
-7.7246758131362103e-05
9.1569680640974196e-05
-9.1569680640974196e-05
4.9530392472254777e-05
3.4016301503972076e-04
6.9673991028783430e-04
1.0654759729086920e-03
1.4138247186167821e-03
1.7235005041707232e-03
1.9854230449336953e-03
2.1962364898369937e-03
2.3559804649125847e-03
2.4665635129763486e-03
2.5307807662204702e-03
2.5516991940576230e-03
2.5322938812848039e-03
2.4752570814064981e-03
2.3829272009611067e-03
2.2573014026401345e-03
2.1001058983740406e-03
1.9129040861598509e-03
1.6972277428356595e-03
1.4547202672488804e-03
1.1872823572743963e-03
8.9721060379824313e-04
5.8731945394406766e-04
2.6103874992426158e-04
-7.7517462461498089e-05
-4.2351507110634343e-04
-7.7140406857946714e-04
-1.1149682220672596e-03
-1.4474198970369054e-03
-1.7615373429646622e-03
-2.0498433805349933e-03
-2.3048234604778443e-03
-2.5191759557102416e-03
-2.6860835069072867e-03
-2.7994942924575500e-03
-2.8544037637445109e-03
-2.8471283142405546e-03
-2.7755644291363444e-03
-2.6394338069956709e-03
-2.4405284965298584e-03
-2.1829896925556654e-03
-1.8736785831583896e-03
-1.5227282404014022e-03
-1.1444051101125231e-03
-7.5845755281853187e-04
-3.9217030409048170e-04
-8.3332306202433371e-05
1.1581546588174303e-04
1.3402788271373416e-04
-1.3402788271373416e-04
-8.1254256908210205e-07
8.1254256908210205e-07
4.7815984340206474e-04
1.1293942171402502e-03
1.8523797141552635e-03
2.5759431449219432e-03
3.2533423497774681e-03
3.8558811385774297e-03
4.3676441448475250e-03
4.7814282174210906e-03
5.0957113092444887e-03
5.3124556298786933e-03
5.4355580167202927e-03
5.4697931456512789e-03
5.4201312943349530e-03
5.2913400408795205e-03
5.0877994908972079e-03
4.8134749454759760e-03
4.4720040815566285e-03
4.0668657700191832e-03
3.6016026815897826e-03
3.0800717440374508e-03
2.5066997599463392e-03
1.8867275076297591e-03
1.2264281554413199e-03
5.3328361396549786e-04
-1.8389648710223099e-04
-9.1492339503288823e-04
-1.6482521037146504e-03
-2.3710845585948352e-03
-3.0695585626395318e-03
-3.7290242898889848e-03
-4.3344040609828204e-03
-4.8706250787918862e-03
-5.3231116191129486e-03
-5.6783212699025925e-03
-5.9243070546956163e-03
-6.0512852194371178e-03
-6.0521904569058160e-03
-5.9232068582114579e-03
-5.6642720007101686e-03
-5.2795636797001748e-03
-4.7779976799645369e-03
-4.1737928807246173e-03
-3.4871927156013842e-03
-2.7454621444265655e-03
-1.9843035026344473e-03
-1.2498486598242623e-03
-6.0136376350756636e-04
-1.1466966667698850e-04
1.1423798872309638e-04
-1.1423798872309638e-04
-1.9889421418089605e-04
1.9889421418089605e-04
1.2243977673500285e-03
2.3956463467372621e-03
3.6063001744923487e-03
4.7784865680594200e-03
5.8585567748704968e-03
6.8119917298225391e-03
7.6186962414146074e-03
8.2690109706180653e-03
8.7604899836122331e-03
9.0953884760282284e-03
9.2787709969712421e-03
9.3171461427245493e-03
9.2175383475931790e-03
8.9869157700227711e-03
8.6319028758571007e-03
8.1587170134426613e-03
7.5732759380765366e-03
6.8814291413724299e-03
6.0892722794418678e-03
5.2035086988121305e-03
4.2318247998771041e-03
3.1832503835158123e-03
2.0684786092352706e-03
9.0012256615856540e-04
-3.0711045307235283e-04
-1.5363441165034441e-03
-2.7685746038698549e-03
-3.9828409666116914e-03
-5.1565291267395268e-03
-6.2658087561576203e-03
-7.2861983233256664e-03
-8.1932480699928503e-03
-8.9633234720182062e-03
-9.5744650738234880e-03
-1.0007295946054701e-02
-1.0245945673501025e-02
-1.0278959883679087e-02
-1.0100167764902917e-02
-9.7094883611818887e-03
-9.1136704659189258e-03
-8.3269796382543868e-03
-7.3718680072436130e-03
-6.2796876342992910e-03
-5.0915318804372472e-03
-3.8593002501926374e-03
-2.6470697332643361e-03
-1.5328026450598269e-03
-6.1023593756259894e-04
9.8574473942563778e-06
-9.8574473942563778e-06
-4.9371685641971894e-04
4.9371685641971894e-04
2.2755998361533992e-03
4.1278938237874468e-03
5.9486798563531257e-03
7.6614333826142880e-03
9.2123181032003430e-03
1.0566193695715619e-02
1.1702582288089730e-02
1.2612007419894326e-02
1.3292854945326713e-02
1.3748796544136393e-02
1.3986761888597824e-02
1.4015419548515621e-02
1.3844113063420187e-02
1.3482192057505739e-02
1.2938674653117805e-02
1.2222180335094372e-02
1.1341077058970394e-02
1.0303789472509581e-02
9.1192180795860445e-03
7.7972213369623677e-03
6.3491170317127770e-03
4.7881679501469796e-03
3.1300193239226812e-03
1.3930538431569683e-03
-4.0136624550121469e-04
-2.2287947718980803e-03
-4.0617550154491127e-03
-5.8699656895617475e-03
-7.6207501924603479e-03
-9.2796353087932579e-03
-1.0811137144366476e-02
-1.2179720779342216e-02
-1.3350910363650719e-02
-1.4292519195531071e-02
-1.4975962403463685e-02
-1.5377607280023835e-02
-1.5480110159676893e-02
-1.5273687414412153e-02
-1.4757274694759034e-02
-1.3939543380329609e-02
-1.2839762178108019e-02
-1.1488509449824257e-02
-9.9282585110577887e-03
-8.2138768592913726e-03
-6.4130917465292101e-03
-4.6069579449540422e-03
-2.8902878790329086e-03
-1.3717906070036389e-03
-1.7298508491027121e-04
1.7298508491027121e-04
-8.7596869973717757e-04
8.7596869973717757e-04
3.6123047724380937e-03
6.3034405190028359e-03
8.8566177649027616e-03
1.1202141870436661e-02
1.3291344538608141e-02
1.5093219279119106e-02
1.6590858346876836e-02
1.7778092472681181e-02
1.8656508178232181e-02
1.9232923071605422e-02
1.9517349143481372e-02
1.9521439958970353e-02
1.9257393657023832e-02
1.8737267570993602e-02
1.7972652626073584e-02
1.6974651561951853e-02
1.5754102145665198e-02
1.4321986545336311e-02
1.2689973199181219e-02
1.0871039259337602e-02
8.8801219774775064e-03
6.7347533811387165e-03
4.4556343646134731e-03
2.0671069781103501e-03
-4.0250947324585408e-04
-2.9207501857479935e-03
