%Vec Object:V 1 MPI processes
%  type: seq
V = [
0.0000000000000000e+00
0.0000000000000000e+00
0.0000000000000000e+00
0.0000000000000000e+00
0.0000000000000000e+00
0.0000000000000000e+00
0.0000000000000000e+00
0.0000000000000000e+00
0.0000000000000000e+00
0.0000000000000000e+00
0.0000000000000000e+00
0.0000000000000000e+00
0.0000000000000000e+00
0.0000000000000000e+00
0.0000000000000000e+00
0.0000000000000000e+00
0.0000000000000000e+00
0.0000000000000000e+00
0.0000000000000000e+00
0.0000000000000000e+00
0.0000000000000000e+00
0.0000000000000000e+00
0.0000000000000000e+00
0.0000000000000000e+00
0.0000000000000000e+00
0.0000000000000000e+00
0.0000000000000000e+00
0.0000000000000000e+00
0.0000000000000000e+00
0.0000000000000000e+00
0.0000000000000000e+00
0.0000000000000000e+00
0.0000000000000000e+00
0.0000000000000000e+00
0.0000000000000000e+00
0.0000000000000000e+00
0.0000000000000000e+00
0.0000000000000000e+00
0.0000000000000000e+00
0.0000000000000000e+00
0.0000000000000000e+00
0.0000000000000000e+00
0.0000000000000000e+00
0.0000000000000000e+00
0.0000000000000000e+00
0.0000000000000000e+00
0.0000000000000000e+00
0.0000000000000000e+00
0.0000000000000000e+00
0.0000000000000000e+00
0.0000000000000000e+00
0.0000000000000000e+00
1.3528841984474010e-05
-1.3528841984474010e-05
6.3743112934895271e-05
1.5673396614146565e-04
2.3415618638673646e-04
2.8926326356375459e-04
3.2427107725673860e-04
3.4393703801931556e-04
3.5300896753656717e-04
3.5531067739798873e-04
3.5354343892723538e-04
3.4940130664488017e-04
3.4380382390628060e-04
3.3714113774717603e-04
3.2947919445491537e-04
3.2070752663039244e-04
3.1063313515063043e-04
2.9903306638568149e-04
2.8568015086082060e-04
2.7035480980336851e-04
2.5285150214912963e-04
2.3298329988772823e-04
2.1058593783470459e-04
1.8552341021018111e-04
1.5769680948256028e-04
1.2705518587592047e-04
9.3605216710810764e-05
5.7418292887707893e-05
1.8636898647433362e-05
-2.2517593419405389e-05
-6.5736867404454465e-05
-1.1062125925092563e-04
-1.5668177779438262e-04
-2.0334747984026912e-04
-2.4997432518137432e-04
-2.9585162498157265e-04
-3.4020314975607193e-04
-3.8217918466543915e-04
-4.2083304822200686e-04
-4.5507340380293289e-04
-4.8358520818466289e-04
-5.0471873101836273e-04
-5.1635705814142814e-04
-5.1578669012495107e-04
-4.9961505194084715e-04
-4.6381625436845428e-04
-4.0408868778519787e-04
-3.1699952306830080e-04
-2.0315264974017430e-04
-7.5392483720321826e-05
2.1341851228893319e-05
-2.1341851228893319e-05
-8.6367583182515823e-05
8.6367583182515823e-05
4.0201592236268518e-04
6.9565888908585793e-04
9.3450128453468912e-04
1.1108115614363431e-03
1.2297396163985798e-03
1.3018840972010457e-03
1.3389248055777499e-03
1.3512457316798509e-03
1.3469009762135545e-03
1.3314575796028539e-03
1.3083316932510933e-03
1.2793192354127163e-03
1.2451236286802499e-03
1.2057818543833828e-03
1.1609633526281032e-03
1.1101582353914999e-03
1.0527867541570727e-03
9.8826059160785377e-04
9.1601862887714990e-04
8.3555204661404014e-04
7.4642754455087295e-04
6.4831238968889406e-04
5.4100118384172791e-04
4.2444295926256427e-04
2.9876827246639172e-04
1.6431681052650322e-04
2.1664516075911665e-05
-1.2835344817458034e-04
-2.8462830330473494e-04
-4.4577385861849336e-04
-6.1013195113939389e-04
-7.7578377115092626e-04
-9.4056291511791540e-04
-1.1020639454709729e-03
-1.2576354086995675e-03
-1.4043402198234602e-03
-1.5388630611624394e-03
-1.6573482563836976e-03
-1.7551654718582089e-03
-1.8266259738899497e-03
-1.8647089399565526e-03
-1.8609037499840238e-03
-1.8053281872432152e-03
-1.6873492895515961e-03
-1.4970450808181514e-03
-1.2280869323332689e-03
-8.8313749088124308e-04
-4.8375948472065923e-04
-8.7820588083072632e-05
8.7820588083072632e-05
-2.6425155824416749e-04
2.6425155824416749e-04
9.5699600059776077e-04
1.5307519005011597e-03
1.9780658121085564e-03
2.3050948452625801e-03
2.5269891684190841e-03
2.6633315491483606e-03
2.7342347328184330e-03
2.7575633907531592e-03
2.7474542557141966e-03
2.7139791663498142e-03
2.6635821877106793e-03
2.5998830323977935e-03
2.5245283615864989e-03
2.4379102074174844e-03
2.3396906829539653e-03
2.2291466700900112e-03
2.1053804319227307e-03
1.9674456189310327e-03
1.8144266682824403e-03
1.6454952259047858e-03
1.4599574821109111e-03
1.2573013697234959e-03
1.0372483006193492e-03
7.9980884975608814e-04
5.4533818709646400e-04
2.7458724576820447e-04
-1.1252275793735538e-05
-3.1051025297010700e-04
-6.2101030984038259e-04
-9.4005549205054514e-04
-1.2644298173626102e-03
-1.5904138489812620e-03
-1.9138061668459733e-03
-2.2299354468704909e-03
-2.5336408036199499e-03
-2.8191926975283245e-03
-3.0801261770275453e-03
-3.3089674109047606e-03
-3.4968590101342391e-03
-3.6331335409688502e-03
-3.7049467950263804e-03
-3.6971534394398689e-03
-3.5926700505708648e-03
-3.3736055860816277e-03
-3.0234435519328712e-03
-2.5305672512192091e-03
-1.8935109909398275e-03
-1.1285629004181025e-03
-2.8054081401688891e-04
2.8054081401688891e-04
-4.8897833543108714e-04
4.8897833543108714e-04
1.6544310553637700e-03
2.5672598049715986e-03
3.2562803412537976e-03
3.7512069377754267e-03
4.0838792811728345e-03
4.2868766382292917e-03
4.3909115466574189e-03
4.4223982805850362e-03
4.4020439965252360e-03
4.3446403426550045e-03
4.2597650690073402e-03
4.1529327723269912e-03
4.0267961533578213e-03
3.8821609756733450e-03
3.7187331324097443e-03
3.5356162731850424e-03
3.3316217930014756e-03
3.1054581398007770e-03
2.8558527678701389e-03
2.5816418533484353e-03
2.2818481838848799e-03
1.9557582268061443e-03
1.6030029928112237e-03
1.2236424297941584e-03
8.1825058444853305e-04
3.8799863102285226e-04
-6.5267266220037467e-05
-5.3895798350164911e-04
-1.0296899074793558e-03
-1.5332558174238793e-03
-2.0446203342941800e-03
-2.5579359608399544e-03
-3.0665682990340518e-03
-3.5631105301287738e-03
-4.0393581355044660e-03
-4.4862074185859678e-03
-4.8934406143518478e-03
-5.2493733095370729e-03
-5.5403738425124560e-03
-5.7503234382845778e-03
-5.8601658939448440e-03
-5.8477789769611054e-03
-5.6884546082315570e-03
-5.3562651543908723e-03
-4.8264991861058258e-03
-4.0792019267251890e-03
-3.1037801566958655e-03
-1.9048700904279034e-03
-5.1036592784552354e-04
5.1036592784552354e-04
-7.3976574932645622e-04
7.3976574932645622e-04
2.4380943605231921e-03
3.7311581921772459e-03
4.6867662826238846e-03
5.3625736293178607e-03
5.8112796059469236e-03
6.0816478918163603e-03
6.2170944309767329e-03
6.2538030449571774e-03
6.2196645070223917e-03
6.1344412695401350e-03
6.0109087730270743e-03
5.8564619537855881e-03
5.6747233942580902e-03
5.4668777347252080e-03
5.2326445289392846e-03
4.9709231576980494e-03
4.6801947390890880e-03
4.3587697088185934e-03
4.0049501433888366e-03
3.6171510947163410e-03
3.1940063507197220e-03
2.7344737567211782e-03
2.2379487959584177e-03
1.7043883442470942e-03
1.1344407033153819e-03
5.2957556833471838e-04
-1.0779248789499899e-04
-7.7419352497043502e-04
-1.4650118925544301e-03
-2.1744230856038504e-03
-2.8953625102725125e-03
-3.6195253606028772e-03
-4.3373877802810740e-03
-5.0382275003331093e-03
-5.7101091367284416e-03
-6.3397890292030039e-03
-6.9124927398006826e-03
-7.4115329240419994e-03
-7.8177744633052080e-03
-8.1090220558186245e-03
-8.2594973247742658e-03
-8.2396656999508319e-03
-8.0167273782327693e-03
-7.5560536853834428e-03
-6.8237080804346159e-03
-5.7900012878845126e-03
-4.4339927941650743e-03
-2.7493239125285195e-03
-7.5325022452391976e-04
7.5325022452391976e-04
-1.0054493041535934e-03
1.0054493041535934e-03
3.2746554440449879e-03
4.9766245673032597e-03
6.2179613133531752e-03
7.0858118332634383e-03
7.6559300396388764e-03
7.9953696626650049e-03
8.1619074012654266e-03
8.2026206246979989e-03
8.1532438126355605e-03
8.0388363281238273e-03
7.8754908048058667e-03
7.6724913482072010e-03
7.4343880081337767e-03
7.1626807034325607e-03
6.8570290993660125e-03
6.5160454946125591e-03
6.1377833365562238e-03
5.7200344861400446e-03
5.2605233493477621e-03
4.7570550356061045e-03
4.2076499367499111e-03
3.6106829127242218e-03
2.9650369475944355e-03
2.2702735740017686e-03
1.5268165108131362e-03
7.3614263463947895e-04
