%Vec Object:P 1 MPI processes
%  type: seq
P = [
2.6170795064984432e-05
2.3243116936632362e-05
1.8790161255505518e-05
1.5838759348065926e-05
1.6169525766130286e-05
2.0777154872873282e-05
3.0136032513412485e-05
4.4411884408568230e-05
6.3610225697592352e-05
8.7669974794958190e-05
1.1651563842423744e-04
1.5008104967611461e-04
1.8831568082429304e-04
2.3118145897704114e-04
2.7864528837691517e-04
3.3067038536516277e-04
3.8720781465976638e-04
4.4818854235647047e-04
5.1351613471792366e-04
5.8306021101721221e-04
6.5665043894491074e-04
7.3407076785300771e-04
8.1505403595443740e-04
8.9927744909685484e-04
9.8635918498765629e-04
1.0758559574039076e-03
1.1672614985858453e-03
1.2600064965415233e-03
1.3534607774253469e-03
1.4469380813251726e-03
1.5397031696055205e-03
1.6309809008176496e-03
1.7199672780603939e-03
1.8058426847014431e-03
1.8877872263074293e-03
1.9649975834021604e-03
2.0367045888137893e-03
2.1021910546272639e-03
2.1608099453542902e-03
2.2120035664511695e-03
2.2553250399864650e-03
2.2904641849087982e-03
2.3172811216561084e-03
2.3358524316841748e-03
2.3465364999610602e-03
2.3500667095857049e-03
2.3476822617968115e-03
2.3413006190927646e-03
2.3337015138621842e-03
2.3285347520406131e-03
3.8471911020349306e-05
3.2185458551220572e-05
2.7847617938232616e-05
2.6451021542578154e-05
2.8630086881374615e-05
3.4843517533502603e-05
4.5377406016209148e-05
6.0385314699103479e-05
7.9935501373249192e-05
1.0404910335424207e-04
1.3272565820217512e-04
1.6595703289379863e-04
2.0373284977075640e-04
2.4604032529839455e-04
2.9286083547645341e-04
3.4416488122293571e-04
3.9990644769635877e-04
4.6001713834844041e-04
5.2440021076047240e-04
5.9292469598116679e-04
6.6541978321009313e-04
7.4166950972998416e-04
8.2140775832712279e-04
9.0431373829548769e-04
9.9000830038359464e-04
1.0780514113299428e-03
1.1679409868493467e-03
1.2591132674653338e-03
1.3509450237471751e-03
1.4427579190423305e-03
1.5338252582175541e-03
1.6233812023267575e-03
1.7106324187586646e-03
1.7947720411618296e-03
1.8749956961842044e-03
1.9505192617699982e-03
2.0205980321476732e-03
2.0845470861876052e-03
2.1417628333349789e-03
2.1917459071390606e-03
2.2341257886105597e-03
2.2686877218366852e-03
2.2954024467875139e-03
2.3144586650831298e-03
2.3262964356776752e-03
2.3316360545548695e-03
2.3314900215381570e-03
2.3271332665398543e-03
2.3199973439151341e-03
2.3117352854713550e-03
4.4464877612563086e-05
3.4524860717459975e-05
2.8448716297606498e-05
2.6668292019098050e-05
2.9155619384827964e-05
3.5919377626440046e-05
4.6984665134688080e-05
6.2377619793435653e-05
8.2122624302723542e-05
1.0624340953674517e-04
1.3476381597318795e-04
1.6770703549783591e-04
2.0509347326066663e-04
2.4693755546578299e-04
2.9324372846659195e-04
3.4400201569080959e-04
3.9918331405083775e-04
4.5873434437388848e-04
5.2257228355858840e-04
5.9057931725600905e-04
6.6259722627379604e-04
7.3842190183393875e-04
8.1779784786513703e-04
9.0041314232539374e-04
9.8589541785603719e-04
1.0738090356304159e-03
1.1636533243053061e-03
1.2548620295018598e-03
1.3468046608377158e-03
1.4387905325090281e-03
1.5300758177433111e-03
1.6198734225970723e-03
1.7073654236291484e-03
1.7917180821018089e-03
1.8720995697728568e-03
1.9477002999027720e-03
2.0177553730241116e-03
2.0815684565862070e-03
2.1385365164455390e-03
2.1881750173035619e-03
2.2301432256337187e-03
2.2642688867606725e-03
2.2905707237096981e-03
2.3092757983874186e-03
2.3208264768111941e-03
2.3258682913330636e-03
2.3252058209001156e-03
2.3197105350387746e-03
2.3101853474777963e-03
2.2977544078895107e-03
3.6375918668758676e-05
2.3727078024877376e-05
1.5909704203698405e-05
1.3238048656598598e-05
1.5377893361699357e-05
2.2079443650500671e-05
3.3185486971257631e-05
4.8610029294429367e-05
6.8319273546136325e-05
9.2315945694781572e-05
1.2062617028190737e-04
1.5328873629420433e-04
1.9034645834626416e-04
2.3183919724780773e-04
2.7779787800701820e-04
3.2823910836571080e-04
3.8316016082413831e-04
4.4253387994240724e-04
5.0630313495694768e-04
5.7437490047538772e-04
6.4661429507416400e-04
7.2283865312165242e-04
8.0281145578325744e-04
8.8623620483879815e-04
9.7275080906054781e-04
1.0619231253134228e-03
1.1532479514532472e-03
1.2461456146714330e-03
1.3399625816927615e-03
1.4339747982226642e-03
1.5273943481162134e-03
1.6193796838550871e-03
1.7090495013646048e-03
1.7955003450801739e-03
1.8778279504324141e-03
1.9551520001190583e-03
2.0266435395010622e-03
2.0915540058820039e-03
2.1492447318884195e-03
2.1992157350826623e-03
2.2411324184385033e-03
2.2748483848948828e-03
2.3004218897143933e-03
2.3181224753112332e-03
2.3284230161864095e-03
2.3319709019434748e-03
2.3295309899473557e-03
2.3218945498304313e-03
2.3097812884461891e-03
2.2944358941119590e-03
1.0630280521849180e-05
-3.7482571383459811e-06
-1.2860363271464205e-05
-1.6377596897113116e-05
-1.4761447637259782e-05
-8.3888253044693591e-06
2.4830860193973832e-06
1.7700649380233448e-05
3.7191625205661917e-05
6.0943396225659287e-05
8.8983676126038903e-05
1.2136451204586896e-04
1.5814982039908900e-04
1.9940588239507483e-04
2.4519374997722859e-04
2.9556274894482898e-04
3.5054461042102124e-04
4.1014770897114387e-04
4.7435089092420915e-04
5.4309677371799296e-04
6.1628473452376910e-04
6.9376367097899222e-04
7.7532436306339942e-04
8.6069151730480751e-04
9.4951616798207169e-04
1.0413692265743442e-03
1.1357364941389043e-03
1.2320152153852922e-03
1.3295127187381739e-03
1.4274482677323229e-03
1.5249592350646541e-03
1.6211122025973647e-03
1.7149191805593213e-03
1.8053590534425586e-03
1.8914042836394227e-03
1.9720525082001518e-03
2.0463620075112893e-03
2.1134893986084671e-03
2.1727274711718196e-03
2.2235407809072954e-03
2.2655963641120573e-03
2.2987867638887770e-03
2.3232424402525346e-03
2.3393304559998994e-03
2.3476362928865594e-03
2.3489261657767204e-03
2.3440871517197660e-03
2.3340420620047457e-03
2.3196735809560983e-03
2.3024935541060684e-03
-3.4197936607025875e-05
-4.9672853463225840e-05
-5.9700851540832741e-05
-6.3916231362517417e-05
-6.2833206208779151e-05
-5.6888728683339446e-05
-4.6388916673441029e-05
-3.1520002122794958e-05
-1.2370679281857787e-05
1.1043821026274893e-05
3.8760025466036332e-05
7.0848014536590081e-05
1.0739711025393436e-04
1.4850495342076921e-04
1.9426883928744287e-04
2.4477834642085068e-04
3.0010869425084149e-04
3.6031421682740806e-04
4.2542123128734875e-04
4.9541999466947817e-04
5.7025605353020023e-04
6.4982131045366752e-04
7.3394458144070086e-04
8.2238133066809855e-04
9.1480303139005283e-04
1.0107871893592693e-03
1.1098087994186579e-03
1.2112336247481457e-03
1.3143139957307460e-03
1.4181884661326866e-03
1.5218868386043716e-03
1.6243416947430813e-03
1.7244071562628343e-03
1.8208854127886773e-03
1.9125612827756487e-03
1.9982443903788735e-03
2.0768175013584373e-03
2.1472884793719690e-03
2.2088424000434740e-03
2.2608896177285318e-03
2.3031051168223597e-03
2.3354545576242066e-03
2.3582031689280774e-03
2.3719048164389778e-03
2.3773699582142543e-03
2.3756126658458681e-03
2.3677773650130417e-03
2.3550450401020025e-03
2.3385489996783958e-03
2.3200509354411626e-03
-9.8647623735691832e-05
-1.1491072021710466e-04
-1.2564992349247347e-04
-1.3046940949877435e-04
-1.2991175098423673e-04
-1.2444677264053384e-04
-1.1440597390928892e-04
-9.9989461465080755e-05
-8.1288134671540939e-05
-5.8308923338741909e-05
-3.0997949265985412e-05
7.4015032781019214e-07
3.7027039490650221e-05
7.7999127306668770e-05
1.2379837488111546e-04
1.7456428485219944e-04
2.3042647499403271e-04
2.9149735436173602e-04
3.5786415014122844e-04
4.2957966647635525e-04
5.0665185169284288e-04
5.8903258954799871e-04
6.7660553735089700e-04
7.6917248890740007e-04
8.6643858920992236e-04
9.6799764430819497e-04
1.0733186146781324e-03
1.1817338702995223e-03
1.2924300714878304e-03
1.4044434291877698e-03
1.5166616156886514e-03
1.6278344161797598e-03
1.7365947875312708e-03
1.8414916553061399e-03
1.9410352994796265e-03
2.0337551599284849e-03
2.1182682666968339e-03
2.1933545274261950e-03
2.2580331221327037e-03
2.3116325930259700e-03
2.3538462703985422e-03
2.3847649097681000e-03
2.4048802952117841e-03
2.4150572973608837e-03
