%Vec Object:U 1 MPI processes
%  type: seq
U = [
0.0000000000000000e+00
3.7765930857272258e-08
3.7425135382619220e-05
1.2907032718954001e-04
2.6600085531314259e-04
4.3516944581480007e-04
6.2481920685232074e-04
8.2597438286107720e-04
1.0324351706587219e-03
1.2402399650199686e-03
1.4470092613395661e-03
1.6513547818366343e-03
1.8524256982301564e-03
2.0495988661279794e-03
2.2422895968570392e-03
2.4298495006464041e-03
2.6115184052002993e-03
2.7864055578823944e-03
2.9534866631444035e-03
3.1116094136106050e-03
3.2595018021226471e-03
3.3957812457504721e-03
3.5189673828116179e-03
3.6275012506635784e-03
3.7197692602220461e-03
3.7941291387692073e-03
3.8489390778439774e-03
3.8825945678567842e-03
3.8935745066605416e-03
3.8804923954499555e-03
3.8421469189744532e-03
3.7775701997739405e-03
3.6860757922733225e-03
3.5673074257764315e-03
3.4212858039364379e-03
3.2484500066267785e-03
3.0496943818247701e-03
2.8264083757238196e-03
2.5805317723376071e-03
2.3146404500747368e-03
2.0320792069215853e-03
1.7371582536508101e-03
1.4354255889685061e-03
1.1340145599237430e-03
8.4204041440125101e-04
5.7097143020716414e-04
3.3479241384338370e-04
1.4950114188405744e-04
3.0757296809761695e-05
-1.3242272575607325e-05
0.0000000000000000e+00
0.0000000000000000e+00
-3.7765930857272258e-08
-3.7425135382619220e-05
-1.2907032718954001e-04
-2.6600085531314259e-04
-4.3516944581480007e-04
-6.2481920685232074e-04
-8.2597438286107720e-04
-1.0324351706587219e-03
-1.2402399650199686e-03
-1.4470092613395661e-03
-1.6513547818366343e-03
-1.8524256982301564e-03
-2.0495988661279794e-03
-2.2422895968570392e-03
-2.4298495006464041e-03
-2.6115184052002993e-03
-2.7864055578823944e-03
-2.9534866631444035e-03
-3.1116094136106050e-03
-3.2595018021226471e-03
-3.3957812457504721e-03
-3.5189673828116179e-03
-3.6275012506635784e-03
-3.7197692602220461e-03
-3.7941291387692073e-03
-3.8489390778439774e-03
-3.8825945678567842e-03
-3.8935745066605416e-03
-3.8804923954499555e-03
-3.8421469189744532e-03
-3.7775701997739405e-03
-3.6860757922733225e-03
-3.5673074257764315e-03
-3.4212858039364379e-03
-3.2484500066267785e-03
-3.0496943818247701e-03
-2.8264083757238196e-03
-2.5805317723376071e-03
-2.3146404500747368e-03
-2.0320792069215853e-03
-1.7371582536508101e-03
-1.4354255889685061e-03
-1.1340145599237430e-03
-8.4204041440125101e-04
-5.7097143020716414e-04
-3.3479241384338370e-04
-1.4950114188405744e-04
-3.0757296809761695e-05
1.3242272575607325e-05
0.0000000000000000e+00
0.0000000000000000e+00
-6.4217115276104646e-05
-2.6737662280554178e-04
-5.9076608779337202e-04
-1.0110401029015340e-03
-1.5040852283394772e-03
-2.0475317478730994e-03
-2.6225076994340706e-03
-3.2142952118757182e-03
-3.8121099686848634e-03
-4.4083819131156103e-03
-4.9978694523651916e-03
-5.5768336800529747e-03
-6.1423817415786055e-03
-6.6920034171192916e-03
-7.2232764768656310e-03
-7.7336964668991799e-03
-8.2205872305405898e-03
-8.6810608359762682e-03
-9.1120080505268323e-03
-9.5101074119524360e-03
-9.8718457178312343e-03
-1.0193548339399665e-02
-1.0471421322409679e-02
-1.0701606205455731e-02
-1.0880245872079914e-02
-1.1003559974701874e-02
-1.1067930863854712e-02
-1.1070001179447078e-02
-1.1006781123108289e-02
-1.0875760529333594e-02
-1.0675021167932015e-02
-1.0403346913613110e-02
-1.0060330763701273e-02
-9.6464782532189979e-03
-9.1633091441406609e-03
-8.6134647952860448e-03
-8.0008360564214794e-03
-7.3307333173905356e-03
-6.6101241687126942e-03
-5.8479622670666439e-03
-5.0556188859844182e-03
-4.2474002696848371e-03
-3.4410844661970845e-03
-2.6583400660516289e-03
-1.9248011882014757e-03
-1.2694806959170314e-03
-7.2314052689015980e-04
-3.1531482183934367e-04
-7.0142887817005819e-05
0.0000000000000000e+00
0.0000000000000000e+00
-1.1423532961228458e-04
-4.4764362740485453e-04
-9.4891027935538016e-04
-1.5753679676795080e-03
-2.2923700817735378e-03
-3.0712476291431322e-03
-3.8887165551645983e-03
-4.7265518798853207e-03
-5.5710192642196886e-03
-6.4120375079245538e-03
-7.2422325806774509e-03
-8.0560519374531635e-03
-8.8490409601400880e-03
-9.6173125278031790e-03
-1.0357193606605383e-02
-1.1065008160760245e-02
-1.1736952940173597e-02
-1.2369034279024870e-02
-1.2957045228778280e-02
-1.3496567911952393e-02
-1.3982991908648323e-02
-1.4411547740195794e-02
-1.4777358506776509e-02
-1.5075509086652958e-02
-1.5301127831372333e-02
-1.5449478151890064e-02
-1.5516063823809165e-02
-1.5496752573059387e-02
-1.5387915321476049e-02
-1.5186571831715966e-02
-1.4890534775531202e-02
-1.4498550708364397e-02
-1.4010440364156081e-02
-1.3427239751841834e-02
-1.2751342583412097e-02
-1.1986648737692927e-02
-1.1138732421347376e-02
-1.0215052434651260e-02
-9.2252299946672441e-03
-8.1814131778520354e-03
-7.0987287599314063e-03
-5.9957902875614720e-03
-4.8951862085193096e-03
-3.8238218141652155e-03
-2.8129572109542498e-03
-1.8978171692565929e-03
-1.1168191952973783e-03
-5.1087076830252031e-04
-1.2375435783523956e-04
0.0000000000000000e+00
0.0000000000000000e+00
-1.4434158842368468e-04
-5.6337584775609261e-04
-1.1856206202664893e-03
-1.9530499897363900e-03
-2.8213733202501283e-03
-3.7562878090986662e-03
-4.7312866975638074e-03
-5.7262240549280519e-03
-6.7260877854307633e-03
-7.7198128447796928e-03
-8.6991715953911222e-03
-9.6578220750577516e-03
-1.0590563490343038e-02
-1.1492800591690642e-02
-1.2360187739030790e-02
-1.3188408024821430e-02
-1.3973042291513839e-02
-1.4709496222806220e-02
-1.5392968011374344e-02
-1.6018444484405234e-02
-1.6580715289899198e-02
-1.7074401037869953e-02
-1.7493999112988143e-02
-1.7833951480167542e-02
-1.8088732666589544e-02
-1.8252953279767850e-02
-1.8321479037671364e-02
-1.8289569421624862e-02
-1.8153036692937292e-02
-1.7908419348212773e-02
-1.7553162252436978e-02
-1.7085799292263625e-02
-1.6506137577492801e-02
-1.5815441942508536e-02
-1.5016618046101250e-02
-1.4114396140700656e-02
-1.3115525541113043e-02
-1.2028997706063960e-02
-1.0866318925225200e-02
-9.6418490405270584e-03
-8.3732092200873211e-03
-7.0817395288355284e-03
-5.7929588220626948e-03
-4.5369553419698193e-03
-3.3486377027775204e-03
-2.2678360052320167e-03
-1.3393974347410068e-03
-6.1365991337899203e-04
-1.4761483685833443e-04
0.0000000000000000e+00
0.0000000000000000e+00
-1.6110871517335286e-04
-6.3198604757730187e-04
-1.3307732807253136e-03
-2.1897185128811037e-03
-3.1573816817125101e-03
-4.1948079192656376e-03
-5.2727535129387599e-03
-6.3696046821093040e-03
-7.4696186778121319e-03
-8.5613691818004021e-03
-9.6364155004671718e-03
-1.0688239173878407e-02
-1.1711454614766288e-02
-1.2701261683618504e-02
-1.3653089981961816e-02
-1.4562380249016568e-02
-1.5424453273222545e-02
-1.6234432262281776e-02
-1.6987201478958831e-02
-1.7677391357834631e-02
-1.8299381371694078e-02
-1.8847316705905889e-02
-1.9315143464566944e-02
-1.9696669325464503e-02
-1.9985649396932918e-02
-2.0175892293833465e-02
-2.0261387048627417e-02
-2.0236458434059062e-02
-2.0095955317652542e-02
-1.9835467026858719e-02
-1.9451557708649932e-02
-1.8942011546438788e-02
-1.8306085682639920e-02
-1.7544767254396815e-02
-1.6661028475303985e-02
-1.5660074837083083e-02
-1.4549587875149105e-02
-1.3339972051629220e-02
-1.2044620736014236e-02
-1.0680216770077496e-02
-9.2670778939100262e-03
-7.8295456505652096e-03
-6.3963999440125744e-03
-5.0012680922859624e-03
-3.6829974642287639e-03
-2.4859792734207471e-03
-1.4604567664915867e-03
-6.6290252477187086e-04
-1.5601855255769639e-04
0.0000000000000000e+00
0.0000000000000000e+00
-1.7069901449568944e-04
-6.7338670959574739e-04
-1.4211908898411211e-03
-2.3406695935261046e-03
-3.3755925130467654e-03
-4.4835285286998188e-03
-5.6330180743312756e-03
-6.8012250895649780e-03
-7.9718606922831899e-03
-9.1333533192341256e-03
-1.0277316053768262e-02
-1.1397356635116426e-02
-1.2488220663311905e-02
-1.3545213687355281e-02
-1.4563833266195970e-02
-1.5539544578556158e-02
-1.6467642988905309e-02
-1.7343165656112478e-02
-1.8160835196949068e-02
-1.8915028651080197e-02
-1.9599763956549505e-02
-2.0208697337564259e-02
-2.0735135805663284e-02
-2.1172077149884418e-02
-2.1512283912878190e-02
-2.1748388794754037e-02
